131
176 0 0
186 0 0 
196 0 0       
206 0 0
213 0 0
220 0 0
224 0 0
227 0 0
236 0 0
248 0 0
255 0 0
255 80 0
255 95 0 
255 108 0
255 114 0
255 126 0
255 136 0
255 144 0
255 157 0
255 171 0
255 176 0
255 188 0
255 192 0
255 196 0
255 200 0
255 204 0
255 208 0
255 212 0
255 216 0
255 220 0
255 224 0
255 228 0
255 232 0
255 236 0
255 240 0
255 244 0
255 248 0
255 252 0
255 255 0
248 255 0
241 255 0
234 255 0
227 255 0
220 255 0
213 255 0
206 255 0
199 255 0
192 255 0
185 255 0
178 255 0
171 255 0
164 255 0
157 255 0
150 255 0
114 255 0
87 255 0
38 255 0
38 255 120
0 255 140
0 255 159
0 255 171
0 255 183
0 255 195
0 255 207
0 255 219
0 255 231
0 255 243
0 255 255
100 250 255
100 245 255
100 240 255
100 237 255
100 233 255
100 230 255
100 225 255
100 220 255
100 215 255
100 210 255
100 205 255
100 200 255
100 195 255
100 190 255
100 185 255
100 180 255
100 175 255
100 170 255
100 165 255
100 160 255
100 155 255
100 150 255
100 145 255
100 140 255
100 135 255
100 130 255
110 130 255
125 125 255
130 130 255
130 120 255
130 110 255
133 102  255
140 80 255
147 0 255
154 0 255
161 0 255
168 0 255
175 0 255
182 0 255
189 0 255
196 0 255
203 0 255
210 0 255
217 0 255
224 80 255
231 100 255
238 100 255
238 100 248
238 100 241
238 100 234
238 100 227
231 100 227
231 100 220
224 100 220
220 100 220
220 80 220
216 64 216
208 64 208
200 64 192
190 64 180
181 64 140
172 64 100
160 64 60
