epcot3
4
1 770 1536 3 2
1. 1. 0. 1. .1
1.045    0.069    0.069   
1.000    0.000    0.000   
0.981    0.195    0.000   
0.981    0.000    0.195   
1.011    0.274    0.070   
0.924    0.383    0.000   
0.960    0.199    0.199   
1.011    0.070    0.274   
0.924    0.000    0.383   
1.031    0.139    0.139   
0.822    0.650    0.075   
0.707    0.707    0.000   
0.789    0.577    0.211   
0.831    0.556    0.000   
0.881    0.491    0.292   
0.816    0.408    0.408   
0.890    0.405    0.209   
0.934    0.474    0.074   
0.886    0.543    0.148   
0.822    0.075    0.650   
0.707    0.000    0.707   
0.831    0.000    0.556   
0.789    0.211    0.577   
0.934    0.074    0.474   
0.890    0.209    0.405   
0.881    0.292    0.491   
0.886    0.148    0.543   
0.980    0.348    0.144   
0.918    0.361    0.361   
0.980    0.144    0.348   
0.968    0.287    0.287   
0.069    1.045    0.069   
0.000    1.000    0.000   
0.000    0.981    0.195   
0.195    0.981    0.000   
0.070    1.011    0.274   
0.000    0.924    0.383   
0.199    0.960    0.199   
0.274    1.011    0.070   
0.383    0.924    0.000   
0.139    1.031    0.139   
0.075    0.822    0.650   
0.000    0.707    0.707   
0.211    0.789    0.577   
0.000    0.831    0.556   
0.292    0.881    0.491   
0.408    0.816    0.408   
0.209    0.890    0.405   
0.074    0.934    0.474   
0.148    0.886    0.543   
0.650    0.822    0.075   
0.556    0.831    0.000   
0.577    0.789    0.211   
0.474    0.934    0.074   
0.405    0.890    0.209   
0.491    0.881    0.292   
0.543    0.886    0.148   
0.144    0.980    0.348   
0.361    0.918    0.361   
0.348    0.980    0.144   
0.287    0.968    0.287   
0.069    0.069    1.045   
0.000    0.000    1.000   
0.195    0.000    0.981   
0.000    0.195    0.981   
0.274    0.070    1.011   
0.383    0.000    0.924   
0.199    0.199    0.960   
0.070    0.274    1.011   
0.000    0.383    0.924   
0.139    0.139    1.031   
0.650    0.075    0.822   
0.577    0.211    0.789   
0.556    0.000    0.831   
0.491    0.292    0.881   
0.408    0.408    0.816   
0.405    0.209    0.890   
0.474    0.074    0.934   
0.543    0.148    0.886   
0.075    0.650    0.822   
0.000    0.556    0.831   
0.211    0.577    0.789   
0.074    0.474    0.934   
0.209    0.405    0.890   
0.292    0.491    0.881   
0.148    0.543    0.886   
0.348    0.144    0.980   
0.361    0.361    0.918   
0.144    0.348    0.980   
0.287    0.287    0.968   
0.735    0.735    0.150   
0.576    0.796    0.371   
0.640    0.640    0.426   
0.796    0.576    0.371   
0.711    0.711    0.301   
0.150    0.735    0.735   
0.371    0.576    0.796   
0.426    0.640    0.640   
0.371    0.796    0.576   
0.301    0.711    0.711   
0.735    0.150    0.735   
0.796    0.371    0.576   
0.640    0.426    0.640   
0.576    0.371    0.796   
0.711    0.301    0.711   
0.524    0.744    0.524   
0.524    0.524    0.744   
0.744    0.524    0.524   
0.606    0.606    0.606   
1.045    -0.069   0.069   
0.981    -0.195   0.000   
1.011    -0.274   0.070   
0.924    -0.383   0.000   
0.960    -0.199   0.199   
1.011    -0.070   0.274   
1.031    -0.139   0.139   
0.822    -0.650   0.075   
0.707    -0.707   0.000   
0.789    -0.577   0.211   
0.831    -0.556   0.000   
0.881    -0.491   0.292   
0.816    -0.408   0.408   
0.890    -0.405   0.209   
0.934    -0.474   0.074   
0.886    -0.543   0.148   
0.822    -0.075   0.650   
0.789    -0.211   0.577   
0.934    -0.074   0.474   
0.890    -0.209   0.405   
0.881    -0.292   0.491   
0.886    -0.148   0.543   
0.980    -0.348   0.144   
0.918    -0.361   0.361   
0.980    -0.144   0.348   
0.968    -0.287   0.287   
0.069    -1.045   0.069   
0.000    -1.000   0.000   
0.000    -0.981   0.195   
0.195    -0.981   0.000   
0.070    -1.011   0.274   
0.000    -0.924   0.383   
0.199    -0.960   0.199   
0.274    -1.011   0.070   
0.383    -0.924   0.000   
0.139    -1.031   0.139   
0.075    -0.822   0.650   
0.000    -0.707   0.707   
0.211    -0.789   0.577   
0.000    -0.831   0.556   
0.292    -0.881   0.491   
0.408    -0.816   0.408   
0.209    -0.890   0.405   
0.074    -0.934   0.474   
0.148    -0.886   0.543   
0.650    -0.822   0.075   
0.556    -0.831   0.000   
0.577    -0.789   0.211   
0.474    -0.934   0.074   
0.405    -0.890   0.209   
0.491    -0.881   0.292   
0.543    -0.886   0.148   
0.144    -0.980   0.348   
0.361    -0.918   0.361   
0.348    -0.980   0.144   
0.287    -0.968   0.287   
0.069    -0.069   1.045   
0.000    -0.195   0.981   
0.274    -0.070   1.011   
0.199    -0.199   0.960   
0.070    -0.274   1.011   
0.000    -0.383   0.924   
0.139    -0.139   1.031   
0.650    -0.075   0.822   
0.577    -0.211   0.789   
0.491    -0.292   0.881   
0.408    -0.408   0.816   
0.405    -0.209   0.890   
0.474    -0.074   0.934   
0.543    -0.148   0.886   
0.075    -0.650   0.822   
0.000    -0.556   0.831   
0.211    -0.577   0.789   
0.074    -0.474   0.934   
0.209    -0.405   0.890   
0.292    -0.491   0.881   
0.148    -0.543   0.886   
0.348    -0.144   0.980   
0.361    -0.361   0.918   
0.144    -0.348   0.980   
0.287    -0.287   0.968   
0.735    -0.735   0.150   
0.576    -0.796   0.371   
0.640    -0.640   0.426   
0.796    -0.576   0.371   
0.711    -0.711   0.301   
0.150    -0.735   0.735   
0.371    -0.576   0.796   
0.426    -0.640   0.640   
0.371    -0.796   0.576   
0.301    -0.711   0.711   
0.735    -0.150   0.735   
0.796    -0.371   0.576   
0.640    -0.426   0.640   
0.576    -0.371   0.796   
0.711    -0.301   0.711   
0.524    -0.744   0.524   
0.524    -0.524   0.744   
0.744    -0.524   0.524   
0.606    -0.606   0.606   
1.045    0.069    -0.069  
0.981    0.000    -0.195  
1.011    0.274    -0.070  
0.960    0.199    -0.199  
1.011    0.070    -0.274  
0.924    0.000    -0.383  
1.031    0.139    -0.139  
0.822    0.650    -0.075  
0.789    0.577    -0.211  
0.881    0.491    -0.292  
0.816    0.408    -0.408  
0.890    0.405    -0.209  
0.934    0.474    -0.074  
0.886    0.543    -0.148  
0.822    0.075    -0.650  
0.707    0.000    -0.707  
0.831    0.000    -0.556  
0.789    0.211    -0.577  
0.934    0.074    -0.474  
0.890    0.209    -0.405  
0.881    0.292    -0.491  
0.886    0.148    -0.543  
0.980    0.348    -0.144  
0.918    0.361    -0.361  
0.980    0.144    -0.348  
0.968    0.287    -0.287  
0.069    1.045    -0.069  
0.000    0.981    -0.195  
0.070    1.011    -0.274  
0.000    0.924    -0.383  
0.199    0.960    -0.199  
0.274    1.011    -0.070  
0.139    1.031    -0.139  
0.075    0.822    -0.650  
0.000    0.707    -0.707  
0.211    0.789    -0.577  
0.000    0.831    -0.556  
0.292    0.881    -0.491  
0.408    0.816    -0.408  
0.209    0.890    -0.405  
0.074    0.934    -0.474  
0.148    0.886    -0.543  
0.650    0.822    -0.075  
0.577    0.789    -0.211  
0.474    0.934    -0.074  
0.405    0.890    -0.209  
0.491    0.881    -0.292  
0.543    0.886    -0.148  
0.144    0.980    -0.348  
0.361    0.918    -0.361  
0.348    0.980    -0.144  
0.287    0.968    -0.287  
0.069    0.069    -1.045  
0.000    0.000    -1.000  
0.195    0.000    -0.981  
0.000    0.195    -0.981  
0.274    0.070    -1.011  
0.383    0.000    -0.924  
0.199    0.199    -0.960  
0.070    0.274    -1.011  
0.000    0.383    -0.924  
0.139    0.139    -1.031  
0.650    0.075    -0.822  
0.577    0.211    -0.789  
0.556    0.000    -0.831  
0.491    0.292    -0.881  
0.408    0.408    -0.816  
0.405    0.209    -0.890  
0.474    0.074    -0.934  
0.543    0.148    -0.886  
0.075    0.650    -0.822  
0.000    0.556    -0.831  
0.211    0.577    -0.789  
0.074    0.474    -0.934  
0.209    0.405    -0.890  
0.292    0.491    -0.881  
0.148    0.543    -0.886  
0.348    0.144    -0.980  
0.361    0.361    -0.918  
0.144    0.348    -0.980  
0.287    0.287    -0.968  
0.735    0.735    -0.150  
0.576    0.796    -0.371  
0.640    0.640    -0.426  
0.796    0.576    -0.371  
0.711    0.711    -0.301  
0.150    0.735    -0.735  
0.371    0.576    -0.796  
0.426    0.640    -0.640  
0.371    0.796    -0.576  
0.301    0.711    -0.711  
0.735    0.150    -0.735  
0.796    0.371    -0.576  
0.640    0.426    -0.640  
0.576    0.371    -0.796  
0.711    0.301    -0.711  
0.524    0.744    -0.524  
0.524    0.524    -0.744  
0.744    0.524    -0.524  
0.606    0.606    -0.606  
1.045    -0.069   -0.069  
1.011    -0.274   -0.070  
0.960    -0.199   -0.199  
1.011    -0.070   -0.274  
1.031    -0.139   -0.139  
0.822    -0.650   -0.075  
0.789    -0.577   -0.211  
0.881    -0.491   -0.292  
0.816    -0.408   -0.408  
0.890    -0.405   -0.209  
0.934    -0.474   -0.074  
0.886    -0.543   -0.148  
0.822    -0.075   -0.650  
0.789    -0.211   -0.577  
0.934    -0.074   -0.474  
0.890    -0.209   -0.405  
0.881    -0.292   -0.491  
0.886    -0.148   -0.543  
0.980    -0.348   -0.144  
0.918    -0.361   -0.361  
0.980    -0.144   -0.348  
0.968    -0.287   -0.287  
0.069    -1.045   -0.069  
0.000    -0.981   -0.195  
0.070    -1.011   -0.274  
0.000    -0.924   -0.383  
0.199    -0.960   -0.199  
0.274    -1.011   -0.070  
0.139    -1.031   -0.139  
0.075    -0.822   -0.650  
0.000    -0.707   -0.707  
0.211    -0.789   -0.577  
0.000    -0.831   -0.556  
0.292    -0.881   -0.491  
0.408    -0.816   -0.408  
0.209    -0.890   -0.405  
0.074    -0.934   -0.474  
0.148    -0.886   -0.543  
0.650    -0.822   -0.075  
0.577    -0.789   -0.211  
0.474    -0.934   -0.074  
0.405    -0.890   -0.209  
0.491    -0.881   -0.292  
0.543    -0.886   -0.148  
0.144    -0.980   -0.348  
0.361    -0.918   -0.361  
0.348    -0.980   -0.144  
0.287    -0.968   -0.287  
0.069    -0.069   -1.045  
0.000    -0.195   -0.981  
0.274    -0.070   -1.011  
0.199    -0.199   -0.960  
0.070    -0.274   -1.011  
0.000    -0.383   -0.924  
0.139    -0.139   -1.031  
0.650    -0.075   -0.822  
0.577    -0.211   -0.789  
0.491    -0.292   -0.881  
0.408    -0.408   -0.816  
0.405    -0.209   -0.890  
0.474    -0.074   -0.934  
0.543    -0.148   -0.886  
0.075    -0.650   -0.822  
0.000    -0.556   -0.831  
0.211    -0.577   -0.789  
0.074    -0.474   -0.934  
0.209    -0.405   -0.890  
0.292    -0.491   -0.881  
0.148    -0.543   -0.886  
0.348    -0.144   -0.980  
0.361    -0.361   -0.918  
0.144    -0.348   -0.980  
0.287    -0.287   -0.968  
0.735    -0.735   -0.150  
0.576    -0.796   -0.371  
0.640    -0.640   -0.426  
0.796    -0.576   -0.371  
0.711    -0.711   -0.301  
0.150    -0.735   -0.735  
0.371    -0.576   -0.796  
0.426    -0.640   -0.640  
0.371    -0.796   -0.576  
0.301    -0.711   -0.711  
0.735    -0.150   -0.735  
0.796    -0.371   -0.576  
0.640    -0.426   -0.640  
0.576    -0.371   -0.796  
0.711    -0.301   -0.711  
0.524    -0.744   -0.524  
0.524    -0.524   -0.744  
0.744    -0.524   -0.524  
0.606    -0.606   -0.606  
-1.045   0.069    0.069   
-1.000   0.000    0.000   
-0.981   0.195    0.000   
-0.981   0.000    0.195   
-1.011   0.274    0.070   
-0.924   0.383    0.000   
-0.960   0.199    0.199   
-1.011   0.070    0.274   
-0.924   0.000    0.383   
-1.031   0.139    0.139   
-0.822   0.650    0.075   
-0.707   0.707    0.000   
-0.789   0.577    0.211   
-0.831   0.556    0.000   
-0.881   0.491    0.292   
-0.816   0.408    0.408   
-0.890   0.405    0.209   
-0.934   0.474    0.074   
-0.886   0.543    0.148   
-0.822   0.075    0.650   
-0.707   0.000    0.707   
-0.831   0.000    0.556   
-0.789   0.211    0.577   
-0.934   0.074    0.474   
-0.890   0.209    0.405   
-0.881   0.292    0.491   
-0.886   0.148    0.543   
-0.980   0.348    0.144   
-0.918   0.361    0.361   
-0.980   0.144    0.348   
-0.968   0.287    0.287   
-0.069   1.045    0.069   
-0.195   0.981    0.000   
-0.070   1.011    0.274   
-0.199   0.960    0.199   
-0.274   1.011    0.070   
-0.383   0.924    0.000   
-0.139   1.031    0.139   
-0.075   0.822    0.650   
-0.211   0.789    0.577   
-0.292   0.881    0.491   
-0.408   0.816    0.408   
-0.209   0.890    0.405   
-0.074   0.934    0.474   
-0.148   0.886    0.543   
-0.650   0.822    0.075   
-0.556   0.831    0.000   
-0.577   0.789    0.211   
-0.474   0.934    0.074   
-0.405   0.890    0.209   
-0.491   0.881    0.292   
-0.543   0.886    0.148   
-0.144   0.980    0.348   
-0.361   0.918    0.361   
-0.348   0.980    0.144   
-0.287   0.968    0.287   
-0.069   0.069    1.045   
-0.195   0.000    0.981   
-0.274   0.070    1.011   
-0.383   0.000    0.924   
-0.199   0.199    0.960   
-0.070   0.274    1.011   
-0.139   0.139    1.031   
-0.650   0.075    0.822   
-0.577   0.211    0.789   
-0.556   0.000    0.831   
-0.491   0.292    0.881   
-0.408   0.408    0.816   
-0.405   0.209    0.890   
-0.474   0.074    0.934   
-0.543   0.148    0.886   
-0.075   0.650    0.822   
-0.211   0.577    0.789   
-0.074   0.474    0.934   
-0.209   0.405    0.890   
-0.292   0.491    0.881   
-0.148   0.543    0.886   
-0.348   0.144    0.980   
-0.361   0.361    0.918   
-0.144   0.348    0.980   
-0.287   0.287    0.968   
-0.735   0.735    0.150   
-0.576   0.796    0.371   
-0.640   0.640    0.426   
-0.796   0.576    0.371   
-0.711   0.711    0.301   
-0.150   0.735    0.735   
-0.371   0.576    0.796   
-0.426   0.640    0.640   
-0.371   0.796    0.576   
-0.301   0.711    0.711   
-0.735   0.150    0.735   
-0.796   0.371    0.576   
-0.640   0.426    0.640   
-0.576   0.371    0.796   
-0.711   0.301    0.711   
-0.524   0.744    0.524   
-0.524   0.524    0.744   
-0.744   0.524    0.524   
-0.606   0.606    0.606   
-1.045   -0.069   0.069   
-0.981   -0.195   0.000   
-1.011   -0.274   0.070   
-0.924   -0.383   0.000   
-0.960   -0.199   0.199   
-1.011   -0.070   0.274   
-1.031   -0.139   0.139   
-0.822   -0.650   0.075   
-0.707   -0.707   0.000   
-0.789   -0.577   0.211   
-0.831   -0.556   0.000   
-0.881   -0.491   0.292   
-0.816   -0.408   0.408   
-0.890   -0.405   0.209   
-0.934   -0.474   0.074   
-0.886   -0.543   0.148   
-0.822   -0.075   0.650   
-0.789   -0.211   0.577   
-0.934   -0.074   0.474   
-0.890   -0.209   0.405   
-0.881   -0.292   0.491   
-0.886   -0.148   0.543   
-0.980   -0.348   0.144   
-0.918   -0.361   0.361   
-0.980   -0.144   0.348   
-0.968   -0.287   0.287   
-0.069   -1.045   0.069   
-0.195   -0.981   0.000   
-0.070   -1.011   0.274   
-0.199   -0.960   0.199   
-0.274   -1.011   0.070   
-0.383   -0.924   0.000   
-0.139   -1.031   0.139   
-0.075   -0.822   0.650   
-0.211   -0.789   0.577   
-0.292   -0.881   0.491   
-0.408   -0.816   0.408   
-0.209   -0.890   0.405   
-0.074   -0.934   0.474   
-0.148   -0.886   0.543   
-0.650   -0.822   0.075   
-0.556   -0.831   0.000   
-0.577   -0.789   0.211   
-0.474   -0.934   0.074   
-0.405   -0.890   0.209   
-0.491   -0.881   0.292   
-0.543   -0.886   0.148   
-0.144   -0.980   0.348   
-0.361   -0.918   0.361   
-0.348   -0.980   0.144   
-0.287   -0.968   0.287   
-0.069   -0.069   1.045   
-0.274   -0.070   1.011   
-0.199   -0.199   0.960   
-0.070   -0.274   1.011   
-0.139   -0.139   1.031   
-0.650   -0.075   0.822   
-0.577   -0.211   0.789   
-0.491   -0.292   0.881   
-0.408   -0.408   0.816   
-0.405   -0.209   0.890   
-0.474   -0.074   0.934   
-0.543   -0.148   0.886   
-0.075   -0.650   0.822   
-0.211   -0.577   0.789   
-0.074   -0.474   0.934   
-0.209   -0.405   0.890   
-0.292   -0.491   0.881   
-0.148   -0.543   0.886   
-0.348   -0.144   0.980   
-0.361   -0.361   0.918   
-0.144   -0.348   0.980   
-0.287   -0.287   0.968   
-0.735   -0.735   0.150   
-0.576   -0.796   0.371   
-0.640   -0.640   0.426   
-0.796   -0.576   0.371   
-0.711   -0.711   0.301   
-0.150   -0.735   0.735   
-0.371   -0.576   0.796   
-0.426   -0.640   0.640   
-0.371   -0.796   0.576   
-0.301   -0.711   0.711   
-0.735   -0.150   0.735   
-0.796   -0.371   0.576   
-0.640   -0.426   0.640   
-0.576   -0.371   0.796   
-0.711   -0.301   0.711   
-0.524   -0.744   0.524   
-0.524   -0.524   0.744   
-0.744   -0.524   0.524   
-0.606   -0.606   0.606   
-1.045   0.069    -0.069  
-0.981   0.000    -0.195  
-1.011   0.274    -0.070  
-0.960   0.199    -0.199  
-1.011   0.070    -0.274  
-0.924   0.000    -0.383  
-1.031   0.139    -0.139  
-0.822   0.650    -0.075  
-0.789   0.577    -0.211  
-0.881   0.491    -0.292  
-0.816   0.408    -0.408  
-0.890   0.405    -0.209  
-0.934   0.474    -0.074  
-0.886   0.543    -0.148  
-0.822   0.075    -0.650  
-0.707   0.000    -0.707  
-0.831   0.000    -0.556  
-0.789   0.211    -0.577  
-0.934   0.074    -0.474  
-0.890   0.209    -0.405  
-0.881   0.292    -0.491  
-0.886   0.148    -0.543  
-0.980   0.348    -0.144  
-0.918   0.361    -0.361  
-0.980   0.144    -0.348  
-0.968   0.287    -0.287  
-0.069   1.045    -0.069  
-0.070   1.011    -0.274  
-0.199   0.960    -0.199  
-0.274   1.011    -0.070  
-0.139   1.031    -0.139  
-0.075   0.822    -0.650  
-0.211   0.789    -0.577  
-0.292   0.881    -0.491  
-0.408   0.816    -0.408  
-0.209   0.890    -0.405  
-0.074   0.934    -0.474  
-0.148   0.886    -0.543  
-0.650   0.822    -0.075  
-0.577   0.789    -0.211  
-0.474   0.934    -0.074  
-0.405   0.890    -0.209  
-0.491   0.881    -0.292  
-0.543   0.886    -0.148  
-0.144   0.980    -0.348  
-0.361   0.918    -0.361  
-0.348   0.980    -0.144  
-0.287   0.968    -0.287  
-0.069   0.069    -1.045  
-0.195   0.000    -0.981  
-0.274   0.070    -1.011  
-0.383   0.000    -0.924  
-0.199   0.199    -0.960  
-0.070   0.274    -1.011  
-0.139   0.139    -1.031  
-0.650   0.075    -0.822  
-0.577   0.211    -0.789  
-0.556   0.000    -0.831  
-0.491   0.292    -0.881  
-0.408   0.408    -0.816  
-0.405   0.209    -0.890  
-0.474   0.074    -0.934  
-0.543   0.148    -0.886  
-0.075   0.650    -0.822  
-0.211   0.577    -0.789  
-0.074   0.474    -0.934  
-0.209   0.405    -0.890  
-0.292   0.491    -0.881  
-0.148   0.543    -0.886  
-0.348   0.144    -0.980  
-0.361   0.361    -0.918  
-0.144   0.348    -0.980  
-0.287   0.287    -0.968  
-0.735   0.735    -0.150  
-0.576   0.796    -0.371  
-0.640   0.640    -0.426  
-0.796   0.576    -0.371  
-0.711   0.711    -0.301  
-0.150   0.735    -0.735  
-0.371   0.576    -0.796  
-0.426   0.640    -0.640  
-0.371   0.796    -0.576  
-0.301   0.711    -0.711  
-0.735   0.150    -0.735  
-0.796   0.371    -0.576  
-0.640   0.426    -0.640  
-0.576   0.371    -0.796  
-0.711   0.301    -0.711  
-0.524   0.744    -0.524  
-0.524   0.524    -0.744  
-0.744   0.524    -0.524  
-0.606   0.606    -0.606  
-1.045   -0.069   -0.069  
-1.011   -0.274   -0.070  
-0.960   -0.199   -0.199  
-1.011   -0.070   -0.274  
-1.031   -0.139   -0.139  
-0.822   -0.650   -0.075  
-0.789   -0.577   -0.211  
-0.881   -0.491   -0.292  
-0.816   -0.408   -0.408  
-0.890   -0.405   -0.209  
-0.934   -0.474   -0.074  
-0.886   -0.543   -0.148  
-0.822   -0.075   -0.650  
-0.789   -0.211   -0.577  
-0.934   -0.074   -0.474  
-0.890   -0.209   -0.405  
-0.881   -0.292   -0.491  
-0.886   -0.148   -0.543  
-0.980   -0.348   -0.144  
-0.918   -0.361   -0.361  
-0.980   -0.144   -0.348  
-0.968   -0.287   -0.287  
-0.069   -1.045   -0.069  
-0.070   -1.011   -0.274  
-0.199   -0.960   -0.199  
-0.274   -1.011   -0.070  
-0.139   -1.031   -0.139  
-0.075   -0.822   -0.650  
-0.211   -0.789   -0.577  
-0.292   -0.881   -0.491  
-0.408   -0.816   -0.408  
-0.209   -0.890   -0.405  
-0.074   -0.934   -0.474  
-0.148   -0.886   -0.543  
-0.650   -0.822   -0.075  
-0.577   -0.789   -0.211  
-0.474   -0.934   -0.074  
-0.405   -0.890   -0.209  
-0.491   -0.881   -0.292  
-0.543   -0.886   -0.148  
-0.144   -0.980   -0.348  
-0.361   -0.918   -0.361  
-0.348   -0.980   -0.144  
-0.287   -0.968   -0.287  
-0.069   -0.069   -1.045  
-0.274   -0.070   -1.011  
-0.199   -0.199   -0.960  
-0.070   -0.274   -1.011  
-0.139   -0.139   -1.031  
-0.650   -0.075   -0.822  
-0.577   -0.211   -0.789  
-0.491   -0.292   -0.881  
-0.408   -0.408   -0.816  
-0.405   -0.209   -0.890  
-0.474   -0.074   -0.934  
-0.543   -0.148   -0.886  
-0.075   -0.650   -0.822  
-0.211   -0.577   -0.789  
-0.074   -0.474   -0.934  
-0.209   -0.405   -0.890  
-0.292   -0.491   -0.881  
-0.148   -0.543   -0.886  
-0.348   -0.144   -0.980  
-0.361   -0.361   -0.918  
-0.144   -0.348   -0.980  
-0.287   -0.287   -0.968  
-0.735   -0.735   -0.150  
-0.576   -0.796   -0.371  
-0.640   -0.640   -0.426  
-0.796   -0.576   -0.371  
-0.711   -0.711   -0.301  
-0.150   -0.735   -0.735  
-0.371   -0.576   -0.796  
-0.426   -0.640   -0.640  
-0.371   -0.796   -0.576  
-0.301   -0.711   -0.711  
-0.735   -0.150   -0.735  
-0.796   -0.371   -0.576  
-0.640   -0.426   -0.640  
-0.576   -0.371   -0.796  
-0.711   -0.301   -0.711  
-0.524   -0.744   -0.524  
-0.524   -0.524   -0.744  
-0.744   -0.524   -0.524  
-0.606   -0.606   -0.606  
3 1 1 2 3
3 1 1 3 4
3 1 1 4 2
3 1 5 6 7
3 1 5 7 3
3 1 5 3 6
3 1 8 9 4
3 1 8 4 7
3 1 8 7 9
3 1 10 3 7
3 1 10 7 4
3 1 10 4 3
3 1 11 12 13
3 1 11 13 14
3 1 11 14 12
3 1 15 16 17
3 1 15 17 13
3 1 15 13 16
3 1 18 6 14
3 1 18 14 17
3 1 18 17 6
3 1 19 13 17
3 1 19 17 14
3 1 19 14 13
3 1 20 21 22
3 1 20 22 23
3 1 20 23 21
3 1 24 9 25
3 1 24 25 22
3 1 24 22 9
3 1 26 16 23
3 1 26 23 25
3 1 26 25 16
3 1 27 22 25
3 1 27 25 23
3 1 27 23 22
3 1 28 6 17
3 1 28 17 7
3 1 28 7 6
3 1 29 16 25
3 1 29 25 17
3 1 29 17 16
3 1 30 9 7
3 1 30 7 25
3 1 30 25 9
3 1 31 17 25
3 1 31 25 7
3 1 31 7 17
3 1 32 33 34
3 1 32 34 35
3 1 32 35 33
3 1 36 37 38
3 1 36 38 34
3 1 36 34 37
3 1 39 40 35
3 1 39 35 38
3 1 39 38 40
3 1 41 34 38
3 1 41 38 35
3 1 41 35 34
3 1 42 43 44
3 1 42 44 45
3 1 42 45 43
3 1 46 47 48
3 1 46 48 44
3 1 46 44 47
3 1 49 37 45
3 1 49 45 48
3 1 49 48 37
3 1 50 44 48
3 1 50 48 45
3 1 50 45 44
3 1 51 12 52
3 1 51 52 53
3 1 51 53 12
3 1 54 40 55
3 1 54 55 52
3 1 54 52 40
3 1 56 47 53
3 1 56 53 55
3 1 56 55 47
3 1 57 52 55
3 1 57 55 53
3 1 57 53 52
3 1 58 37 48
3 1 58 48 38
3 1 58 38 37
3 1 59 47 55
3 1 59 55 48
3 1 59 48 47
3 1 60 40 38
3 1 60 38 55
3 1 60 55 40
3 1 61 48 55
3 1 61 55 38
3 1 61 38 48
3 1 62 63 64
3 1 62 64 65
3 1 62 65 63
3 1 66 67 68
3 1 66 68 64
3 1 66 64 67
3 1 69 70 65
3 1 69 65 68
3 1 69 68 70
3 1 71 64 68
3 1 71 68 65
3 1 71 65 64
3 1 72 21 73
3 1 72 73 74
3 1 72 74 21
3 1 75 76 77
3 1 75 77 73
3 1 75 73 76
3 1 78 67 74
3 1 78 74 77
3 1 78 77 67
3 1 79 73 77
3 1 79 77 74
3 1 79 74 73
3 1 80 43 81
3 1 80 81 82
3 1 80 82 43
3 1 83 70 84
3 1 83 84 81
3 1 83 81 70
3 1 85 76 82
3 1 85 82 84
3 1 85 84 76
3 1 86 81 84
3 1 86 84 82
3 1 86 82 81
3 1 87 67 77
3 1 87 77 68
3 1 87 68 67
3 1 88 76 84
3 1 88 84 77
3 1 88 77 76
3 1 89 70 68
3 1 89 68 84
3 1 89 84 70
3 1 90 77 84
3 1 90 84 68
3 1 90 68 77
3 1 91 12 53
3 1 91 53 13
3 1 91 13 12
3 1 92 47 93
3 1 92 93 53
3 1 92 53 47
3 1 94 16 13
3 1 94 13 93
3 1 94 93 16
3 1 95 53 93
3 1 95 93 13
3 1 95 13 53
3 1 96 43 82
3 1 96 82 44
3 1 96 44 43
3 1 97 76 98
3 1 97 98 82
3 1 97 82 76
3 1 99 47 44
3 1 99 44 98
3 1 99 98 47
3 1 100 82 98
3 1 100 98 44
3 1 100 44 82
3 1 101 21 23
3 1 101 23 73
3 1 101 73 21
3 1 102 16 103
3 1 102 103 23
3 1 102 23 16
3 1 104 76 73
3 1 104 73 103
3 1 104 103 76
3 1 105 23 103
3 1 105 103 73
3 1 105 73 23
3 1 106 47 98
3 1 106 98 93
3 1 106 93 47
3 1 107 76 103
3 1 107 103 98
3 1 107 98 76
3 1 108 16 93
3 1 108 93 103
3 1 108 103 16
3 1 109 98 103
3 1 109 103 93
3 1 109 93 98
3 1 111 2 110
3 1 4 111 110
3 1 2 4 110
3 1 114 113 112
3 1 111 114 112
3 1 113 111 112
3 1 4 9 115
3 1 114 4 115
3 1 9 114 115
3 1 114 111 116
3 1 4 114 116
3 1 111 4 116
3 1 119 118 117
3 1 120 119 117
3 1 118 120 117
3 1 123 122 121
3 1 119 123 121
3 1 122 119 121
3 1 120 113 124
3 1 123 120 124
3 1 113 123 124
3 1 123 119 125
3 1 120 123 125
3 1 119 120 125
3 1 22 21 126
3 1 127 22 126
3 1 21 127 126
3 1 129 9 128
3 1 22 129 128
3 1 9 22 128
3 1 127 122 130
3 1 129 127 130
3 1 122 129 130
3 1 129 22 131
3 1 127 129 131
3 1 22 127 131
3 1 123 113 132
3 1 114 123 132
3 1 113 114 132
3 1 129 122 133
3 1 123 129 133
3 1 122 123 133
3 1 114 9 134
3 1 129 114 134
3 1 9 129 134
3 1 129 123 135
3 1 114 129 135
3 1 123 114 135
3 1 138 137 136
3 1 139 138 136
3 1 137 139 136
3 1 142 141 140
3 1 138 142 140
3 1 141 138 140
3 1 139 144 143
3 1 142 139 143
3 1 144 142 143
3 1 142 138 145
3 1 139 142 145
3 1 138 139 145
3 1 148 147 146
3 1 149 148 146
3 1 147 149 146
3 1 152 151 150
3 1 148 152 150
3 1 151 148 150
3 1 149 141 153
3 1 152 149 153
3 1 141 152 153
3 1 152 148 154
3 1 149 152 154
3 1 148 149 154
3 1 156 118 155
3 1 157 156 155
3 1 118 157 155
3 1 159 144 158
3 1 156 159 158
3 1 144 156 158
3 1 157 151 160
3 1 159 157 160
3 1 151 159 160
3 1 159 156 161
3 1 157 159 161
3 1 156 157 161
3 1 152 141 162
3 1 142 152 162
3 1 141 142 162
3 1 159 151 163
3 1 152 159 163
3 1 151 152 163
3 1 142 144 164
3 1 159 142 164
3 1 144 159 164
3 1 159 152 165
3 1 142 159 165
3 1 152 142 165
3 1 64 63 166
3 1 167 64 166
3 1 63 167 166
3 1 169 67 168
3 1 64 169 168
3 1 67 64 168
3 1 167 171 170
3 1 169 167 170
3 1 171 169 170
3 1 169 64 172
3 1 167 169 172
3 1 64 167 172
3 1 174 21 173
3 1 74 174 173
3 1 21 74 173
3 1 177 176 175
3 1 174 177 175
3 1 176 174 175
3 1 74 67 178
3 1 177 74 178
3 1 67 177 178
3 1 177 174 179
3 1 74 177 179
3 1 174 74 179
3 1 181 147 180
3 1 182 181 180
3 1 147 182 180
3 1 184 171 183
3 1 181 184 183
3 1 171 181 183
3 1 182 176 185
3 1 184 182 185
3 1 176 184 185
3 1 184 181 186
3 1 182 184 186
3 1 181 182 186
3 1 177 67 187
3 1 169 177 187
3 1 67 169 187
3 1 184 176 188
3 1 177 184 188
3 1 176 177 188
3 1 169 171 189
3 1 184 169 189
3 1 171 184 189
3 1 184 177 190
3 1 169 184 190
3 1 177 169 190
3 1 157 118 191
3 1 119 157 191
3 1 118 119 191
3 1 193 151 192
3 1 157 193 192
3 1 151 157 192
3 1 119 122 194
3 1 193 119 194
3 1 122 193 194
3 1 193 157 195
3 1 119 193 195
3 1 157 119 195
3 1 182 147 196
3 1 148 182 196
3 1 147 148 196
3 1 198 176 197
3 1 182 198 197
3 1 176 182 197
3 1 148 151 199
3 1 198 148 199
3 1 151 198 199
3 1 198 182 200
3 1 148 198 200
3 1 182 148 200
3 1 127 21 201
3 1 174 127 201
3 1 21 174 201
3 1 203 122 202
3 1 127 203 202
3 1 122 127 202
3 1 174 176 204
3 1 203 174 204
3 1 176 203 204
3 1 203 127 205
3 1 174 203 205
3 1 127 174 205
3 1 198 151 206
3 1 193 198 206
3 1 151 193 206
3 1 203 176 207
3 1 198 203 207
3 1 176 198 207
3 1 193 122 208
3 1 203 193 208
3 1 122 203 208
3 1 203 198 209
3 1 193 203 209
3 1 198 193 209
3 1 3 2 210
3 1 211 3 210
3 1 2 211 210
3 1 213 6 212
3 1 3 213 212
3 1 6 3 212
3 1 211 215 214
3 1 213 211 214
3 1 215 213 214
3 1 213 3 216
3 1 211 213 216
3 1 3 211 216
3 1 218 12 217
3 1 14 218 217
3 1 12 14 217
3 1 221 220 219
3 1 218 221 219
3 1 220 218 219
3 1 14 6 222
3 1 221 14 222
3 1 6 221 222
3 1 221 218 223
3 1 14 221 223
3 1 218 14 223
3 1 226 225 224
3 1 227 226 224
3 1 225 227 224
3 1 229 215 228
3 1 226 229 228
3 1 215 226 228
3 1 227 220 230
3 1 229 227 230
3 1 220 229 230
3 1 229 226 231
3 1 227 229 231
3 1 226 227 231
3 1 221 6 232
3 1 213 221 232
3 1 6 213 232
3 1 229 220 233
3 1 221 229 233
3 1 220 221 233
3 1 213 215 234
3 1 229 213 234
3 1 215 229 234
3 1 229 221 235
3 1 213 229 235
3 1 221 213 235
3 1 237 33 236
3 1 35 237 236
3 1 33 35 236
3 1 240 239 238
3 1 237 240 238
3 1 239 237 238
3 1 35 40 241
3 1 240 35 241
3 1 40 240 241
3 1 240 237 242
3 1 35 240 242
3 1 237 35 242
3 1 245 244 243
3 1 246 245 243
3 1 244 246 243
3 1 249 248 247
3 1 245 249 247
3 1 248 245 247
3 1 246 239 250
3 1 249 246 250
3 1 239 249 250
3 1 249 245 251
3 1 246 249 251
3 1 245 246 251
3 1 52 12 252
3 1 253 52 252
3 1 12 253 252
3 1 255 40 254
3 1 52 255 254
3 1 40 52 254
3 1 253 248 256
3 1 255 253 256
3 1 248 255 256
3 1 255 52 257
3 1 253 255 257
3 1 52 253 257
3 1 249 239 258
3 1 240 249 258
3 1 239 240 258
3 1 255 248 259
3 1 249 255 259
3 1 248 249 259
3 1 240 40 260
3 1 255 240 260
3 1 40 255 260
3 1 255 249 261
3 1 240 255 261
3 1 249 240 261
3 1 264 263 262
3 1 265 264 262
3 1 263 265 262
3 1 268 267 266
3 1 264 268 266
3 1 267 264 266
3 1 265 270 269
3 1 268 265 269
3 1 270 268 269
3 1 268 264 271
3 1 265 268 271
3 1 264 265 271
3 1 273 225 272
3 1 274 273 272
3 1 225 274 272
3 1 277 276 275
3 1 273 277 275
3 1 276 273 275
3 1 274 267 278
3 1 277 274 278
3 1 267 277 278
3 1 277 273 279
3 1 274 277 279
3 1 273 274 279
3 1 281 244 280
3 1 282 281 280
3 1 244 282 280
3 1 284 270 283
3 1 281 284 283
3 1 270 281 283
3 1 282 276 285
3 1 284 282 285
3 1 276 284 285
3 1 284 281 286
3 1 282 284 286
3 1 281 282 286
3 1 277 267 287
3 1 268 277 287
3 1 267 268 287
3 1 284 276 288
3 1 277 284 288
3 1 276 277 288
3 1 268 270 289
3 1 284 268 289
3 1 270 284 289
3 1 284 277 290
3 1 268 284 290
3 1 277 268 290
3 1 253 12 291
3 1 218 253 291
3 1 12 218 291
3 1 293 248 292
3 1 253 293 292
3 1 248 253 292
3 1 218 220 294
3 1 293 218 294
3 1 220 293 294
3 1 293 253 295
3 1 218 293 295
3 1 253 218 295
3 1 282 244 296
3 1 245 282 296
3 1 244 245 296
3 1 298 276 297
3 1 282 298 297
3 1 276 282 297
3 1 245 248 299
3 1 298 245 299
3 1 248 298 299
3 1 298 282 300
3 1 245 298 300
3 1 282 245 300
3 1 227 225 301
3 1 273 227 301
3 1 225 273 301
3 1 303 220 302
3 1 227 303 302
3 1 220 227 302
3 1 273 276 304
3 1 303 273 304
3 1 276 303 304
3 1 303 227 305
3 1 273 303 305
3 1 227 273 305
3 1 298 248 306
3 1 293 298 306
3 1 248 293 306
3 1 303 276 307
3 1 298 303 307
3 1 276 298 307
3 1 293 220 308
3 1 303 293 308
3 1 220 303 308
3 1 303 298 309
3 1 293 303 309
3 1 298 293 309
3 1 310 2 111
3 1 310 111 211
3 1 310 211 2
3 1 311 113 312
3 1 311 312 111
3 1 311 111 113
3 1 313 215 211
3 1 313 211 312
3 1 313 312 215
3 1 314 111 312
3 1 314 312 211
3 1 314 211 111
3 1 315 118 316
3 1 315 316 120
3 1 315 120 118
3 1 317 318 319
3 1 317 319 316
3 1 317 316 318
3 1 320 113 120
3 1 320 120 319
3 1 320 319 113
3 1 321 316 319
3 1 321 319 120
3 1 321 120 316
3 1 322 225 226
3 1 322 226 323
3 1 322 323 225
3 1 324 215 325
3 1 324 325 226
3 1 324 226 215
3 1 326 318 323
3 1 326 323 325
3 1 326 325 318
3 1 327 226 325
3 1 327 325 323
3 1 327 323 226
3 1 328 113 319
3 1 328 319 312
3 1 328 312 113
3 1 329 318 325
3 1 329 325 319
3 1 329 319 318
3 1 330 215 312
3 1 330 312 325
3 1 330 325 215
3 1 331 319 325
3 1 331 325 312
3 1 331 312 319
3 1 332 137 333
3 1 332 333 139
3 1 332 139 137
3 1 334 335 336
3 1 334 336 333
3 1 334 333 335
3 1 337 144 139
3 1 337 139 336
3 1 337 336 144
3 1 338 333 336
3 1 338 336 139
3 1 338 139 333
3 1 339 340 341
3 1 339 341 342
3 1 339 342 340
3 1 343 344 345
3 1 343 345 341
3 1 343 341 344
3 1 346 335 342
3 1 346 342 345
3 1 346 345 335
3 1 347 341 345
3 1 347 345 342
3 1 347 342 341
3 1 348 118 156
3 1 348 156 349
3 1 348 349 118
3 1 350 144 351
3 1 350 351 156
3 1 350 156 144
3 1 352 344 349
3 1 352 349 351
3 1 352 351 344
3 1 353 156 351
3 1 353 351 349
3 1 353 349 156
3 1 354 335 345
3 1 354 345 336
3 1 354 336 335
3 1 355 344 351
3 1 355 351 345
3 1 355 345 344
3 1 356 144 336
3 1 356 336 351
3 1 356 351 144
3 1 357 345 351
3 1 357 351 336
3 1 357 336 345
3 1 358 263 264
3 1 358 264 359
3 1 358 359 263
3 1 360 267 361
3 1 360 361 264
3 1 360 264 267
3 1 362 363 359
3 1 362 359 361
3 1 362 361 363
3 1 364 264 361
3 1 364 361 359
3 1 364 359 264
3 1 365 225 366
3 1 365 366 274
3 1 365 274 225
3 1 367 368 369
3 1 367 369 366
3 1 367 366 368
3 1 370 267 274
3 1 370 274 369
3 1 370 369 267
3 1 371 366 369
3 1 371 369 274
3 1 371 274 366
3 1 372 340 373
3 1 372 373 374
3 1 372 374 340
3 1 375 363 376
3 1 375 376 373
3 1 375 373 363
3 1 377 368 374
3 1 377 374 376
3 1 377 376 368
3 1 378 373 376
3 1 378 376 374
3 1 378 374 373
3 1 379 267 369
3 1 379 369 361
3 1 379 361 267
3 1 380 368 376
3 1 380 376 369
3 1 380 369 368
3 1 381 363 361
3 1 381 361 376
3 1 381 376 363
3 1 382 369 376
3 1 382 376 361
3 1 382 361 369
3 1 383 118 349
3 1 383 349 316
3 1 383 316 118
3 1 384 344 385
3 1 384 385 349
3 1 384 349 344
3 1 386 318 316
3 1 386 316 385
3 1 386 385 318
3 1 387 349 385
3 1 387 385 316
3 1 387 316 349
3 1 388 340 374
3 1 388 374 341
3 1 388 341 340
3 1 389 368 390
3 1 389 390 374
3 1 389 374 368
3 1 391 344 341
3 1 391 341 390
3 1 391 390 344
3 1 392 374 390
3 1 392 390 341
3 1 392 341 374
3 1 393 225 323
3 1 393 323 366
3 1 393 366 225
3 1 394 318 395
3 1 394 395 323
3 1 394 323 318
3 1 396 368 366
3 1 396 366 395
3 1 396 395 368
3 1 397 323 395
3 1 397 395 366
3 1 397 366 323
3 1 398 344 390
3 1 398 390 385
3 1 398 385 344
3 1 399 368 395
3 1 399 395 390
3 1 399 390 368
3 1 400 318 385
3 1 400 385 395
3 1 400 395 318
3 1 401 390 395
3 1 401 395 385
3 1 401 385 390
3 1 404 403 402
3 1 405 404 402
3 1 403 405 402
3 1 408 407 406
3 1 404 408 406
3 1 407 404 406
3 1 405 410 409
3 1 408 405 409
3 1 410 408 409
3 1 408 404 411
3 1 405 408 411
3 1 404 405 411
3 1 414 413 412
3 1 415 414 412
3 1 413 415 412
3 1 418 417 416
3 1 414 418 416
3 1 417 414 416
3 1 415 407 419
3 1 418 415 419
3 1 407 418 419
3 1 418 414 420
3 1 415 418 420
3 1 414 415 420
3 1 423 422 421
3 1 424 423 421
3 1 422 424 421
3 1 426 410 425
3 1 423 426 425
3 1 410 423 425
3 1 424 417 427
3 1 426 424 427
3 1 417 426 427
3 1 426 423 428
3 1 424 426 428
3 1 423 424 428
3 1 418 407 429
3 1 408 418 429
3 1 407 408 429
3 1 426 417 430
3 1 418 426 430
3 1 417 418 430
3 1 408 410 431
3 1 426 408 431
3 1 410 426 431
3 1 426 418 432
3 1 408 426 432
3 1 418 408 432
3 1 34 33 433
3 1 434 34 433
3 1 33 434 433
3 1 436 37 435
3 1 34 436 435
3 1 37 34 435
3 1 434 438 437
3 1 436 434 437
3 1 438 436 437
3 1 436 34 439
3 1 434 436 439
3 1 34 434 439
3 1 441 43 440
3 1 45 441 440
3 1 43 45 440
3 1 444 443 442
3 1 441 444 442
3 1 443 441 442
3 1 45 37 445
3 1 444 45 445
3 1 37 444 445
3 1 444 441 446
3 1 45 444 446
3 1 441 45 446
3 1 448 413 447
3 1 449 448 447
3 1 413 449 447
3 1 451 438 450
3 1 448 451 450
3 1 438 448 450
3 1 449 443 452
3 1 451 449 452
3 1 443 451 452
3 1 451 448 453
3 1 449 451 453
3 1 448 449 453
3 1 444 37 454
3 1 436 444 454
3 1 37 436 454
3 1 451 443 455
3 1 444 451 455
3 1 443 444 455
3 1 436 438 456
3 1 451 436 456
3 1 438 451 456
3 1 451 444 457
3 1 436 451 457
3 1 444 436 457
3 1 459 63 458
3 1 65 459 458
3 1 63 65 458
3 1 462 461 460
3 1 459 462 460
3 1 461 459 460
3 1 65 70 463
3 1 462 65 463
3 1 70 462 463
3 1 462 459 464
3 1 65 462 464
3 1 459 65 464
3 1 466 422 465
3 1 467 466 465
3 1 422 467 465
3 1 470 469 468
3 1 466 470 468
3 1 469 466 468
3 1 467 461 471
3 1 470 467 471
3 1 461 470 471
3 1 470 466 472
3 1 467 470 472
3 1 466 467 472
3 1 81 43 473
3 1 474 81 473
3 1 43 474 473
3 1 476 70 475
3 1 81 476 475
3 1 70 81 475
3 1 474 469 477
3 1 476 474 477
3 1 469 476 477
3 1 476 81 478
3 1 474 476 478
3 1 81 474 478
3 1 470 461 479
3 1 462 470 479
3 1 461 462 479
3 1 476 469 480
3 1 470 476 480
3 1 469 470 480
3 1 462 70 481
3 1 476 462 481
3 1 70 476 481
3 1 476 470 482
3 1 462 476 482
3 1 470 462 482
3 1 449 413 483
3 1 414 449 483
3 1 413 414 483
3 1 485 443 484
3 1 449 485 484
3 1 443 449 484
3 1 414 417 486
3 1 485 414 486
3 1 417 485 486
3 1 485 449 487
3 1 414 485 487
3 1 449 414 487
3 1 474 43 488
3 1 441 474 488
3 1 43 441 488
3 1 490 469 489
3 1 474 490 489
3 1 469 474 489
3 1 441 443 491
3 1 490 441 491
3 1 443 490 491
3 1 490 474 492
3 1 441 490 492
3 1 474 441 492
3 1 424 422 493
3 1 466 424 493
3 1 422 466 493
3 1 495 417 494
3 1 424 495 494
3 1 417 424 494
3 1 466 469 496
3 1 495 466 496
3 1 469 495 496
3 1 495 424 497
3 1 466 495 497
3 1 424 466 497
3 1 490 443 498
3 1 485 490 498
3 1 443 485 498
3 1 495 469 499
3 1 490 495 499
3 1 469 490 499
3 1 485 417 500
3 1 495 485 500
3 1 417 495 500
3 1 495 490 501
3 1 485 495 501
3 1 490 485 501
3 1 502 403 503
3 1 502 503 405
3 1 502 405 403
3 1 504 505 506
3 1 504 506 503
3 1 504 503 505
3 1 507 410 405
3 1 507 405 506
3 1 507 506 410
3 1 508 503 506
3 1 508 506 405
3 1 508 405 503
3 1 509 510 511
3 1 509 511 512
3 1 509 512 510
3 1 513 514 515
3 1 513 515 511
3 1 513 511 514
3 1 516 505 512
3 1 516 512 515
3 1 516 515 505
3 1 517 511 515
3 1 517 515 512
3 1 517 512 511
3 1 518 422 423
3 1 518 423 519
3 1 518 519 422
3 1 520 410 521
3 1 520 521 423
3 1 520 423 410
3 1 522 514 519
3 1 522 519 521
3 1 522 521 514
3 1 523 423 521
3 1 523 521 519
3 1 523 519 423
3 1 524 505 515
3 1 524 515 506
3 1 524 506 505
3 1 525 514 521
3 1 525 521 515
3 1 525 515 514
3 1 526 410 506
3 1 526 506 521
3 1 526 521 410
3 1 527 515 521
3 1 527 521 506
3 1 527 506 515
3 1 528 137 138
3 1 528 138 529
3 1 528 529 137
3 1 530 141 531
3 1 530 531 138
3 1 530 138 141
3 1 532 533 529
3 1 532 529 531
3 1 532 531 533
3 1 534 138 531
3 1 534 531 529
3 1 534 529 138
3 1 535 147 536
3 1 535 536 149
3 1 535 149 147
3 1 537 538 539
3 1 537 539 536
3 1 537 536 538
3 1 540 141 149
3 1 540 149 539
3 1 540 539 141
3 1 541 536 539
3 1 541 539 149
3 1 541 149 536
3 1 542 510 543
3 1 542 543 544
3 1 542 544 510
3 1 545 533 546
3 1 545 546 543
3 1 545 543 533
3 1 547 538 544
3 1 547 544 546
3 1 547 546 538
3 1 548 543 546
3 1 548 546 544
3 1 548 544 543
3 1 549 141 539
3 1 549 539 531
3 1 549 531 141
3 1 550 538 546
3 1 550 546 539
3 1 550 539 538
3 1 551 533 531
3 1 551 531 546
3 1 551 546 533
3 1 552 539 546
3 1 552 546 531
3 1 552 531 539
3 1 553 63 459
3 1 553 459 167
3 1 553 167 63
3 1 554 461 555
3 1 554 555 459
3 1 554 459 461
3 1 556 171 167
3 1 556 167 555
3 1 556 555 171
3 1 557 459 555
3 1 557 555 167
3 1 557 167 459
3 1 558 422 559
3 1 558 559 467
3 1 558 467 422
3 1 560 561 562
3 1 560 562 559
3 1 560 559 561
3 1 563 461 467
3 1 563 467 562
3 1 563 562 461
3 1 564 559 562
3 1 564 562 467
3 1 564 467 559
3 1 565 147 181
3 1 565 181 566
3 1 565 566 147
3 1 567 171 568
3 1 567 568 181
3 1 567 181 171
3 1 569 561 566
3 1 569 566 568
3 1 569 568 561
3 1 570 181 568
3 1 570 568 566
3 1 570 566 181
3 1 571 461 562
3 1 571 562 555
3 1 571 555 461
3 1 572 561 568
3 1 572 568 562
3 1 572 562 561
3 1 573 171 555
3 1 573 555 568
3 1 573 568 171
3 1 574 562 568
3 1 574 568 555
3 1 574 555 562
3 1 575 510 544
3 1 575 544 511
3 1 575 511 510
3 1 576 538 577
3 1 576 577 544
3 1 576 544 538
3 1 578 514 511
3 1 578 511 577
3 1 578 577 514
3 1 579 544 577
3 1 579 577 511
3 1 579 511 544
3 1 580 147 566
3 1 580 566 536
3 1 580 536 147
3 1 581 561 582
3 1 581 582 566
3 1 581 566 561
3 1 583 538 536
3 1 583 536 582
3 1 583 582 538
3 1 584 566 582
3 1 584 582 536
3 1 584 536 566
3 1 585 422 519
3 1 585 519 559
3 1 585 559 422
3 1 586 514 587
3 1 586 587 519
3 1 586 519 514
3 1 588 561 559
3 1 588 559 587
3 1 588 587 561
3 1 589 519 587
3 1 589 587 559
3 1 589 559 519
3 1 590 538 582
3 1 590 582 577
3 1 590 577 538
3 1 591 561 587
3 1 591 587 582
3 1 591 582 561
3 1 592 514 577
3 1 592 577 587
3 1 592 587 514
3 1 593 582 587
3 1 593 587 577
3 1 593 577 582
3 1 594 403 404
3 1 594 404 595
3 1 594 595 403
3 1 596 407 597
3 1 596 597 404
3 1 596 404 407
3 1 598 599 595
3 1 598 595 597
3 1 598 597 599
3 1 600 404 597
3 1 600 597 595
3 1 600 595 404
3 1 601 413 602
3 1 601 602 415
3 1 601 415 413
3 1 603 604 605
3 1 603 605 602
3 1 603 602 604
3 1 606 407 415
3 1 606 415 605
3 1 606 605 407
3 1 607 602 605
3 1 607 605 415
3 1 607 415 602
3 1 608 609 610
3 1 608 610 611
3 1 608 611 609
3 1 612 599 613
3 1 612 613 610
3 1 612 610 599
3 1 614 604 611
3 1 614 611 613
3 1 614 613 604
3 1 615 610 613
3 1 615 613 611
3 1 615 611 610
3 1 616 407 605
3 1 616 605 597
3 1 616 597 407
3 1 617 604 613
3 1 617 613 605
3 1 617 605 604
3 1 618 599 597
3 1 618 597 613
3 1 618 613 599
3 1 619 605 613
3 1 619 613 597
3 1 619 597 605
3 1 620 33 237
3 1 620 237 434
3 1 620 434 33
3 1 621 239 622
3 1 621 622 237
3 1 621 237 239
3 1 623 438 434
3 1 623 434 622
3 1 623 622 438
3 1 624 237 622
3 1 624 622 434
3 1 624 434 237
3 1 625 244 626
3 1 625 626 246
3 1 625 246 244
3 1 627 628 629
3 1 627 629 626
3 1 627 626 628
3 1 630 239 246
3 1 630 246 629
3 1 630 629 239
3 1 631 626 629
3 1 631 629 246
3 1 631 246 626
3 1 632 413 448
3 1 632 448 633
3 1 632 633 413
3 1 634 438 635
3 1 634 635 448
3 1 634 448 438
3 1 636 628 633
3 1 636 633 635
3 1 636 635 628
3 1 637 448 635
3 1 637 635 633
3 1 637 633 448
3 1 638 239 629
3 1 638 629 622
3 1 638 622 239
3 1 639 628 635
3 1 639 635 629
3 1 639 629 628
3 1 640 438 622
3 1 640 622 635
3 1 640 635 438
3 1 641 629 635
3 1 641 635 622
3 1 641 622 629
3 1 642 263 643
3 1 642 643 265
3 1 642 265 263
3 1 644 645 646
3 1 644 646 643
3 1 644 643 645
3 1 647 270 265
3 1 647 265 646
3 1 647 646 270
3 1 648 643 646
3 1 648 646 265
3 1 648 265 643
3 1 649 609 650
3 1 649 650 651
3 1 649 651 609
3 1 652 653 654
3 1 652 654 650
3 1 652 650 653
3 1 655 645 651
3 1 655 651 654
3 1 655 654 645
3 1 656 650 654
3 1 656 654 651
3 1 656 651 650
3 1 657 244 281
3 1 657 281 658
3 1 657 658 244
3 1 659 270 660
3 1 659 660 281
3 1 659 281 270
3 1 661 653 658
3 1 661 658 660
3 1 661 660 653
3 1 662 281 660
3 1 662 660 658
3 1 662 658 281
3 1 663 645 654
3 1 663 654 646
3 1 663 646 645
3 1 664 653 660
3 1 664 660 654
3 1 664 654 653
3 1 665 270 646
3 1 665 646 660
3 1 665 660 270
3 1 666 654 660
3 1 666 660 646
3 1 666 646 654
3 1 667 413 633
3 1 667 633 602
3 1 667 602 413
3 1 668 628 669
3 1 668 669 633
3 1 668 633 628
3 1 670 604 602
3 1 670 602 669
3 1 670 669 604
3 1 671 633 669
3 1 671 669 602
3 1 671 602 633
3 1 672 244 658
3 1 672 658 626
3 1 672 626 244
3 1 673 653 674
3 1 673 674 658
3 1 673 658 653
3 1 675 628 626
3 1 675 626 674
3 1 675 674 628
3 1 676 658 674
3 1 676 674 626
3 1 676 626 658
3 1 677 609 611
3 1 677 611 650
3 1 677 650 609
3 1 678 604 679
3 1 678 679 611
3 1 678 611 604
3 1 680 653 650
3 1 680 650 679
3 1 680 679 653
3 1 681 611 679
3 1 681 679 650
3 1 681 650 611
3 1 682 628 674
3 1 682 674 669
3 1 682 669 628
3 1 683 653 679
3 1 683 679 674
3 1 683 674 653
3 1 684 604 669
3 1 684 669 679
3 1 684 679 604
3 1 685 674 679
3 1 685 679 669
3 1 685 669 674
3 1 503 403 686
3 1 595 503 686
3 1 403 595 686
3 1 688 505 687
3 1 503 688 687
3 1 505 503 687
3 1 595 599 689
3 1 688 595 689
3 1 599 688 689
3 1 688 503 690
3 1 595 688 690
3 1 503 595 690
3 1 692 510 691
3 1 512 692 691
3 1 510 512 691
3 1 695 694 693
3 1 692 695 693
3 1 694 692 693
3 1 512 505 696
3 1 695 512 696
3 1 505 695 696
3 1 695 692 697
3 1 512 695 697
3 1 692 512 697
3 1 610 609 698
3 1 699 610 698
3 1 609 699 698
3 1 701 599 700
3 1 610 701 700
3 1 599 610 700
3 1 699 694 702
3 1 701 699 702
3 1 694 701 702
3 1 701 610 703
3 1 699 701 703
3 1 610 699 703
3 1 695 505 704
3 1 688 695 704
3 1 505 688 704
3 1 701 694 705
3 1 695 701 705
3 1 694 695 705
3 1 688 599 706
3 1 701 688 706
3 1 599 701 706
3 1 701 695 707
3 1 688 701 707
3 1 695 688 707
3 1 333 137 708
3 1 529 333 708
3 1 137 529 708
3 1 710 335 709
3 1 333 710 709
3 1 335 333 709
3 1 529 533 711
3 1 710 529 711
3 1 533 710 711
3 1 710 333 712
3 1 529 710 712
3 1 333 529 712
3 1 714 340 713
3 1 342 714 713
3 1 340 342 713
3 1 717 716 715
3 1 714 717 715
3 1 716 714 715
3 1 342 335 718
3 1 717 342 718
3 1 335 717 718
3 1 717 714 719
3 1 342 717 719
3 1 714 342 719
3 1 543 510 720
3 1 721 543 720
3 1 510 721 720
3 1 723 533 722
3 1 543 723 722
3 1 533 543 722
3 1 721 716 724
3 1 723 721 724
3 1 716 723 724
3 1 723 543 725
3 1 721 723 725
3 1 543 721 725
3 1 717 335 726
3 1 710 717 726
3 1 335 710 726
3 1 723 716 727
3 1 717 723 727
3 1 716 717 727
3 1 710 533 728
3 1 723 710 728
3 1 533 723 728
3 1 723 717 729
3 1 710 723 729
3 1 717 710 729
3 1 643 263 730
3 1 359 643 730
3 1 263 359 730
3 1 732 645 731
3 1 643 732 731
3 1 645 643 731
3 1 359 363 733
3 1 732 359 733
3 1 363 732 733
3 1 732 643 734
3 1 359 732 734
3 1 643 359 734
3 1 736 609 735
3 1 651 736 735
3 1 609 651 735
3 1 739 738 737
3 1 736 739 737
3 1 738 736 737
3 1 651 645 740
3 1 739 651 740
3 1 645 739 740
3 1 739 736 741
3 1 651 739 741
3 1 736 651 741
3 1 373 340 742
3 1 743 373 742
3 1 340 743 742
3 1 745 363 744
3 1 373 745 744
3 1 363 373 744
3 1 743 738 746
3 1 745 743 746
3 1 738 745 746
3 1 745 373 747
3 1 743 745 747
3 1 373 743 747
3 1 739 645 748
3 1 732 739 748
3 1 645 732 748
3 1 745 738 749
3 1 739 745 749
3 1 738 739 749
3 1 732 363 750
3 1 745 732 750
3 1 363 745 750
3 1 745 739 751
3 1 732 745 751
3 1 739 732 751
3 1 721 510 752
3 1 692 721 752
3 1 510 692 752
3 1 754 716 753
3 1 721 754 753
3 1 716 721 753
3 1 692 694 755
3 1 754 692 755
3 1 694 754 755
3 1 754 721 756
3 1 692 754 756
3 1 721 692 756
3 1 743 340 757
3 1 714 743 757
3 1 340 714 757
3 1 759 738 758
3 1 743 759 758
3 1 738 743 758
3 1 714 716 760
3 1 759 714 760
3 1 716 759 760
3 1 759 743 761
3 1 714 759 761
3 1 743 714 761
3 1 699 609 762
3 1 736 699 762
3 1 609 736 762
3 1 764 694 763
3 1 699 764 763
3 1 694 699 763
3 1 736 738 765
3 1 764 736 765
3 1 738 764 765
3 1 764 699 766
3 1 736 764 766
3 1 699 736 766
3 1 759 716 767
3 1 754 759 767
3 1 716 754 767
3 1 764 738 768
3 1 759 764 768
3 1 738 759 768
3 1 754 694 769
3 1 764 754 769
3 1 694 764 769
3 1 764 759 770
3 1 754 764 770
3 1 759 754 770
