Ceiling Fan 12/86
4
2 342 384 4 2
  1.0000000000E+00   2.0000000000E+00   0.0000000000E+00 .3   1.0000000000E-01
  5.0000000000E-01   1.0000000000E+00   5.0000000000E-01 .6   5.0000000000E-02
   0.0000    0.0000    0.0000
   2.6000    0.0000    0.0000
   2.2517    1.3000    0.0000
   1.3000    2.2517    0.0000
  -0.0000    2.6000    0.0000
  -1.3000    2.2517    0.0000
  -2.2517    1.3000    0.0000
  -2.6000   -0.0000    0.0000
  -2.2517   -1.3000    0.0000
  -1.3000   -2.2517    0.0000
   0.0000   -2.6000    0.0000
   1.3000   -2.2517    0.0000
   2.2517   -1.3000    0.0000
   2.4000    0.0000   -1.5000
   2.0785    1.2000   -1.5000
   1.2000    2.0785   -1.5000
  -0.0000    2.4000   -1.5000
  -1.2000    2.0785   -1.5000
  -2.0785    1.2000   -1.5000
  -2.4000   -0.0000   -1.5000
  -2.0785   -1.2000   -1.5000
  -1.2000   -2.0785   -1.5000
   0.0000   -2.4000   -1.5000
   1.2000   -2.0784   -1.5000
   2.0785   -1.2000   -1.5000
   1.5000    0.0000   -2.2000
   1.2990    0.7500   -2.2000
   0.7500    1.2990   -2.2000
  -0.0000    1.5000   -2.2000
  -0.7500    1.2990   -2.2000
  -1.2990    0.7500   -2.2000
  -1.5000   -0.0000   -2.2000
  -1.2990   -0.7500   -2.2000
  -0.7500   -1.2990   -2.2000
   0.0000   -1.5000   -2.2000
   0.7500   -1.2990   -2.2000
   1.2990   -0.7500   -2.2000
   1.5000    0.0000   -2.9000
   1.2990    0.7500   -2.9000
   0.7500    1.2990   -2.9000
  -0.0000    1.5000   -2.9000
  -0.7500    1.2990   -2.9000
  -1.2990    0.7500   -2.9000
  -1.5000   -0.0000   -2.9000
  -1.2990   -0.7500   -2.9000
  -0.7500   -1.2990   -2.9000
   0.0000   -1.5000   -2.9000
   0.7500   -1.2990   -2.9000
   1.2990   -0.7500   -2.9000
   1.2000    0.0000   -3.1000
   1.0392    0.6000   -3.1000
   0.6000    1.0392   -3.1000
  -0.0000    1.2000   -3.1000
  -0.6000    1.0392   -3.1000
  -1.0392    0.6000   -3.1000
  -1.2000   -0.0000   -3.1000
  -1.0392   -0.6000   -3.1000
  -0.6000   -1.0392   -3.1000
   0.0000   -1.2000   -3.1000
   0.6000   -1.0392   -3.1000
   1.0392   -0.6000   -3.1000
   1.2000    0.0000   -3.9000
   1.0392    0.6000   -3.9000
   0.6000    1.0392   -3.9000
  -0.0000    1.2000   -3.9000
  -0.6000    1.0392   -3.9000
  -1.0392    0.6000   -3.9000
  -1.2000   -0.0000   -3.9000
  -1.0392   -0.6000   -3.9000
  -0.6000   -1.0392   -3.9000
   0.0000   -1.2000   -3.9000
   0.6000   -1.0392   -3.9000
   1.0392   -0.6000   -3.9000
   1.5000    0.0000   -4.1000
   1.2990    0.7500   -4.1000
   0.7500    1.2990   -4.1000
  -0.0000    1.5000   -4.1000
  -0.7500    1.2990   -4.1000
  -1.2990    0.7500   -4.1000
  -1.5000   -0.0000   -4.1000
  -1.2990   -0.7500   -4.1000
  -0.7500   -1.2990   -4.1000
   0.0000   -1.5000   -4.1000
   0.7500   -1.2990   -4.1000
   1.2990   -0.7500   -4.1000
   1.5000    0.0000   -5.5000
   1.2990    0.7500   -5.5000
   0.7500    1.2990   -5.5000
  -0.0000    1.5000   -5.5000
  -0.7500    1.2990   -5.5000
  -1.2990    0.7500   -5.5000
  -1.5000   -0.0000   -5.5000
  -1.2990   -0.7500   -5.5000
  -0.7500   -1.2990   -5.5000
   0.0000   -1.5000   -5.5000
   0.7500   -1.2990   -5.5000
   1.2990   -0.7500   -5.5000
   5.3000    0.0000   -5.5000
   4.5899    2.6500   -5.5000
   2.6500    4.5899   -5.5000
  -0.0000    5.3000   -5.5000
  -2.6500    4.5899   -5.5000
  -4.5900    2.6500   -5.5000
  -5.3000   -0.0000   -5.5000
  -4.5899   -2.6500   -5.5000
  -2.6500   -4.5900   -5.5000
   0.0001   -5.3000   -5.5000
   2.6501   -4.5899   -5.5000
   4.5900   -2.6499   -5.5000
   6.1000    0.0000   -6.2000
   5.2828    3.0500   -6.2000
   3.0500    5.2828   -6.2000
  -0.0000    6.1000   -6.2000
  -3.0500    5.2827   -6.2000
  -5.2828    3.0500   -6.2000
  -6.1000   -0.0000   -6.2000
  -5.2827   -3.0500   -6.2000
  -3.0499   -5.2828   -6.2000
   0.0001   -6.1000   -6.2000
   3.0501   -5.2827   -6.2000
   5.2828   -3.0499   -6.2000
   6.1000    0.0000   -8.4000
   5.2828    3.0500   -8.4000
   3.0500    5.2828   -8.4000
  -0.0000    6.1000   -8.4000
  -3.0500    5.2827   -8.4000
  -5.2828    3.0500   -8.4000
  -6.1000   -0.0000   -8.4000
  -5.2827   -3.0500   -8.4000
  -3.0499   -5.2828   -8.4000
   0.0001   -6.1000   -8.4000
   3.0501   -5.2827   -8.4000
   5.2828   -3.0499   -8.4000
   5.3000    0.0000   -9.1000
   4.5899    2.6500   -9.1000
   2.6500    4.5899   -9.1000
  -0.0000    5.3000   -9.1000
  -2.6500    4.5899   -9.1000
  -4.5900    2.6500   -9.1000
  -5.3000   -0.0000   -9.1000
  -4.5899   -2.6500   -9.1000
  -2.6500   -4.5900   -9.1000
   0.0001   -5.3000   -9.1000
   2.6501   -4.5899   -9.1000
   4.5900   -2.6499   -9.1000
   3.7000    0.0000   -9.1000
   3.2043    1.8500   -9.1000
   1.8500    3.2043   -9.1000
  -0.0000    3.7000   -9.1000
  -1.8500    3.2043   -9.1000
  -3.2043    1.8500   -9.1000
  -3.7000   -0.0000   -9.1000
  -3.2043   -1.8500   -9.1000
  -1.8500   -3.2043   -9.1000
   0.0000   -3.7000   -9.1000
   1.8500   -3.2043   -9.1000
   3.2043   -1.8500   -9.1000
   2.3000    0.0000   -8.6000
   1.9919    1.1500   -8.6000
   1.1500    1.9919   -8.6000
  -0.0000    2.3000   -8.6000
  -1.1500    1.9919   -8.6000
  -1.9919    1.1500   -8.6000
  -2.3000   -0.0000   -8.6000
  -1.9918   -1.1500   -8.6000
  -1.1500   -1.9919   -8.6000
   0.0000   -2.3000   -8.6000
   1.1500   -1.9918   -8.6000
   1.9919   -1.1500   -8.6000
   2.3000    0.0000  -10.7000
   1.9919    1.1500  -10.7000
   1.1500    1.9919  -10.7000
  -0.0000    2.3000  -10.7000
  -1.1500    1.9919  -10.7000
  -1.9919    1.1500  -10.7000
  -2.3000   -0.0000  -10.7000
  -1.9918   -1.1500  -10.7000
  -1.1500   -1.9919  -10.7000
   0.0000   -2.3000  -10.7000
   1.1500   -1.9918  -10.7000
   1.9919   -1.1500  -10.7000
   2.8000    0.0000  -11.1000
   2.4249    1.4000  -11.1000
   1.4000    2.4249  -11.1000
  -0.0000    2.8000  -11.1000
  -1.4000    2.4249  -11.1000
  -2.4249    1.4000  -11.1000
  -2.8000   -0.0000  -11.1000
  -2.4249   -1.4000  -11.1000
  -1.4000   -2.4249  -11.1000
   0.0000   -2.8000  -11.1000
   1.4000   -2.4249  -11.1000
   2.4249   -1.4000  -11.1000
   2.8000    0.0000  -13.4000
   2.4249    1.4000  -13.4000
   1.4000    2.4249  -13.4000
  -0.0000    2.8000  -13.4000
  -1.4000    2.4249  -13.4000
  -2.4249    1.4000  -13.4000
  -2.8000   -0.0000  -13.4000
  -2.4249   -1.4000  -13.4000
  -1.4000   -2.4249  -13.4000
   0.0000   -2.8000  -13.4000
   1.4000   -2.4249  -13.4000
   2.4249   -1.4000  -13.4000
   0.0000    0.0000  -13.4000
   2.5000    0.0000   -9.2000
   2.5000    0.2500   -9.2000
   2.5884    0.2165   -9.1116
   2.6531    0.1250   -9.0469
   2.6768   -0.0000   -9.0232
   2.6531   -0.1250   -9.0469
   2.5884   -0.2165   -9.1116
   2.5000   -0.2500   -9.2000
   2.4116   -0.2165   -9.2884
   2.3469   -0.1250   -9.3531
   2.3232    0.0000   -9.3768
   2.3469    0.1250   -9.3531
   2.4116    0.2165   -9.2884
   4.2678    0.2500  -10.9678
   4.3562    0.2165  -10.8794
   4.4209    0.1250  -10.8147
   4.4445   -0.0000  -10.7910
   4.4209   -0.1250  -10.8147
   4.3562   -0.2165  -10.8794
   4.2678   -0.2500  -10.9678
   4.1794   -0.2165  -11.0562
   4.1147   -0.1250  -11.1209
   4.0910    0.0000  -11.1445
   4.1147    0.1250  -11.1209
   4.1794    0.2165  -11.0562
   4.2678    0.0000  -10.9678
  17.1000    2.4795  -11.1056
  17.1000   -2.3501   -9.8115
  17.1000   -2.4795  -10.2944
  17.1000    2.3501  -11.5885
   4.1000    2.4795  -11.1056
   4.1000   -2.3501   -9.8115
   4.1000   -2.4795  -10.2944
   4.1000    2.3501  -11.5885
  -2.5000    0.0000   -9.2000
  -2.5000    0.2500   -9.2000
  -2.5884    0.2165   -9.1116
  -2.6531    0.1250   -9.0469
  -2.6768   -0.0000   -9.0232
  -2.6531   -0.1250   -9.0469
  -2.5884   -0.2165   -9.1116
  -2.5000   -0.2500   -9.2000
  -2.4116   -0.2165   -9.2884
  -2.3469   -0.1250   -9.3531
  -2.3232    0.0000   -9.3768
  -2.3469    0.1250   -9.3531
  -2.4116    0.2165   -9.2884
  -4.2678    0.2500  -10.9678
  -4.3562    0.2165  -10.8794
  -4.4209    0.1250  -10.8147
  -4.4445   -0.0000  -10.7910
  -4.4209   -0.1250  -10.8147
  -4.3562   -0.2165  -10.8794
  -4.2678   -0.2500  -10.9678
  -4.1794   -0.2165  -11.0562
  -4.1147   -0.1250  -11.1209
  -4.0910    0.0000  -11.1445
  -4.1147    0.1250  -11.1209
  -4.1794    0.2165  -11.0562
  -4.2678    0.0000  -10.9678
 -17.1000    2.3501   -9.8115
 -17.1000   -2.4795  -11.1056
 -17.1000   -2.3501  -11.5885
 -17.1000    2.4795  -10.2944
  -4.1000    2.3501   -9.8115
  -4.1000   -2.4795  -11.1056
  -4.1000   -2.3501  -11.5885
  -4.1000    2.4795  -10.2944
   0.0000    2.5000   -9.2000
   0.1768    2.5000   -9.0232
   0.2415    2.5000   -9.1353
   0.2415    2.5000   -9.2647
   0.1768    2.5000   -9.3768
   0.0647    2.5000   -9.4415
  -0.0647    2.5000   -9.4415
  -0.1768    2.5000   -9.3768
  -0.2415    2.5000   -9.2647
  -0.2415    2.5000   -9.1353
  -0.1768    2.5000   -9.0232
  -0.0647    2.5000   -8.9585
   0.0647    2.5000   -8.9585
   0.1768    5.0000   -9.0232
   0.2415    5.0000   -9.1353
   0.2415    5.0000   -9.2647
   0.1768    5.0000   -9.3768
   0.0647    5.0000   -9.4415
  -0.0647    5.0000   -9.4415
  -0.1768    5.0000   -9.3768
  -0.2415    5.0000   -9.2647
  -0.2415    5.0000   -9.1353
  -0.1768    5.0000   -9.0232
  -0.0647    5.0000   -8.9585
   0.0647    5.0000   -8.9585
   0.0000    5.0000   -9.2000
   2.3501   17.1000   -9.8115
  -2.4795   17.1000  -11.1056
  -2.3501   17.1000  -11.5885
   2.4795   17.1000  -10.2944
   2.3501    4.1000   -9.8115
  -2.4795    4.1000  -11.1056
  -2.3501    4.1000  -11.5885
   2.4795    4.1000  -10.2944
   0.0000   -2.5000   -9.2000
   0.1768   -2.5000   -9.0232
   0.2415   -2.5000   -9.1353
   0.2415   -2.5000   -9.2647
   0.1768   -2.5000   -9.3768
   0.0647   -2.5000   -9.4415
  -0.0647   -2.5000   -9.4415
  -0.1768   -2.5000   -9.3768
  -0.2415   -2.5000   -9.2647
  -0.2415   -2.5000   -9.1353
  -0.1768   -2.5000   -9.0232
  -0.0647   -2.5000   -8.9585
   0.0647   -2.5000   -8.9585
   0.1768   -5.0000   -9.0232
   0.2415   -5.0000   -9.1353
   0.2415   -5.0000   -9.2647
   0.1768   -5.0000   -9.3768
   0.0647   -5.0000   -9.4415
  -0.0647   -5.0000   -9.4415
  -0.1768   -5.0000   -9.3768
  -0.2415   -5.0000   -9.2647
  -0.2415   -5.0000   -9.1353
  -0.1768   -5.0000   -9.0232
  -0.0647   -5.0000   -8.9585
   0.0647   -5.0000   -8.9585
   0.0000   -5.0000   -9.2000
   2.4795  -17.1000  -11.1056
  -2.3501  -17.1000   -9.8115
  -2.4795  -17.1000  -10.2944
   2.3501  -17.1000  -11.5885
   2.4795   -4.1000  -11.1056
  -2.3501   -4.1000   -9.8115
  -2.4795   -4.1000  -10.2944
   2.3501   -4.1000  -11.5885
3 1 1 2 3 
3 1 1 3 4 
3 1 1 4 5 
3 1 1 5 6 
3 1 1 6 7 
3 1 1 7 8 
3 1 1 8 9 
3 1 1 9 10 
3 1 1 10 11 
3 1 1 11 12 
3 1 1 12 13 
3 1 1 13 2 
4 1 2 14 15 3 
4 1 3 15 16 4 
4 1 4 16 17 5 
4 1 5 17 18 6 
4 1 6 18 19 7 
4 1 7 19 20 8 
4 1 8 20 21 9 
4 1 9 21 22 10 
4 1 10 22 23 11 
4 1 11 23 24 12 
4 1 12 24 25 13 
4 1 13 25 14 2 
4 1 14 26 27 15 
4 1 15 27 28 16 
4 1 16 28 29 17 
4 1 17 29 30 18 
4 1 18 30 31 19 
4 1 19 31 32 20 
4 1 20 32 33 21 
4 1 21 33 34 22 
4 1 22 34 35 23 
4 1 23 35 36 24 
4 1 24 36 37 25 
4 1 25 37 26 14 
4 1 26 38 39 27 
4 1 27 39 40 28 
4 1 28 40 41 29 
4 1 29 41 42 30 
4 1 30 42 43 31 
4 1 31 43 44 32 
4 1 32 44 45 33 
4 1 33 45 46 34 
4 1 34 46 47 35 
4 1 35 47 48 36 
4 1 36 48 49 37 
4 1 37 49 38 26 
4 1 38 50 51 39 
4 1 39 51 52 40 
4 1 40 52 53 41 
4 1 41 53 54 42 
4 1 42 54 55 43 
4 1 43 55 56 44 
4 1 44 56 57 45 
4 1 45 57 58 46 
4 1 46 58 59 47 
4 1 47 59 60 48 
4 1 48 60 61 49 
4 1 49 61 50 38 
4 1 50 62 63 51 
4 1 51 63 64 52 
4 1 52 64 65 53 
4 1 53 65 66 54 
4 1 54 66 67 55 
4 1 55 67 68 56 
4 1 56 68 69 57 
4 1 57 69 70 58 
4 1 58 70 71 59 
4 1 59 71 72 60 
4 1 60 72 73 61 
4 1 61 73 62 50 
4 1 62 74 75 63 
4 1 63 75 76 64 
4 1 64 76 77 65 
4 1 65 77 78 66 
4 1 66 78 79 67 
4 1 67 79 80 68 
4 1 68 80 81 69 
4 1 69 81 82 70 
4 1 70 82 83 71 
4 1 71 83 84 72 
4 1 72 84 85 73 
4 1 73 85 74 62 
4 1 74 86 87 75 
4 1 75 87 88 76 
4 1 76 88 89 77 
4 1 77 89 90 78 
4 1 78 90 91 79 
4 1 79 91 92 80 
4 1 80 92 93 81 
4 1 81 93 94 82 
4 1 82 94 95 83 
4 1 83 95 96 84 
4 1 84 96 97 85 
4 1 85 97 86 74 
4 1 86 98 99 87 
4 1 87 99 100 88 
4 1 88 100 101 89 
4 1 89 101 102 90 
4 1 90 102 103 91 
4 1 91 103 104 92 
4 1 92 104 105 93 
4 1 93 105 106 94 
4 1 94 106 107 95 
4 1 95 107 108 96 
4 1 96 108 109 97 
4 1 97 109 98 86 
4 1 98 110 111 99 
4 1 99 111 112 100 
4 1 100 112 113 101 
4 1 101 113 114 102 
4 1 102 114 115 103 
4 1 103 115 116 104 
4 1 104 116 117 105 
4 1 105 117 118 106 
4 1 106 118 119 107 
4 1 107 119 120 108 
4 1 108 120 121 109 
4 1 109 121 110 98 
4 1 110 122 123 111 
4 1 111 123 124 112 
4 1 112 124 125 113 
4 1 113 125 126 114 
4 1 114 126 127 115 
4 1 115 127 128 116 
4 1 116 128 129 117 
4 1 117 129 130 118 
4 1 118 130 131 119 
4 1 119 131 132 120 
4 1 120 132 133 121 
4 1 121 133 122 110 
4 1 122 134 135 123 
4 1 123 135 136 124 
4 1 124 136 137 125 
4 1 125 137 138 126 
4 1 126 138 139 127 
4 1 127 139 140 128 
4 1 128 140 141 129 
4 1 129 141 142 130 
4 1 130 142 143 131 
4 1 131 143 144 132 
4 1 132 144 145 133 
4 1 133 145 134 122 
4 1 134 146 147 135 
4 1 135 147 148 136 
4 1 136 148 149 137 
4 1 137 149 150 138 
4 1 138 150 151 139 
4 1 139 151 152 140 
4 1 140 152 153 141 
4 1 141 153 154 142 
4 1 142 154 155 143 
4 1 143 155 156 144 
4 1 144 156 157 145 
4 1 145 157 146 134 
4 1 146 158 159 147 
4 1 147 159 160 148 
4 1 148 160 161 149 
4 1 149 161 162 150 
4 1 150 162 163 151 
4 1 151 163 164 152 
4 1 152 164 165 153 
4 1 153 165 166 154 
4 1 154 166 167 155 
4 1 155 167 168 156 
4 1 156 168 169 157 
4 1 157 169 158 146 
4 1 158 170 171 159 
4 1 159 171 172 160 
4 1 160 172 173 161 
4 1 161 173 174 162 
4 1 162 174 175 163 
4 1 163 175 176 164 
4 1 164 176 177 165 
4 1 165 177 178 166 
4 1 166 178 179 167 
4 1 167 179 180 168 
4 1 168 180 181 169 
4 1 169 181 170 158 
4 1 170 182 183 171 
4 1 171 183 184 172 
4 1 172 184 185 173 
4 1 173 185 186 174 
4 1 174 186 187 175 
4 1 175 187 188 176 
4 1 176 188 189 177 
4 1 177 189 190 178 
4 1 178 190 191 179 
4 1 179 191 192 180 
4 1 180 192 193 181 
4 1 181 193 182 170 
4 1 182 194 195 183 
4 1 183 195 196 184 
4 1 184 196 197 185 
4 1 185 197 198 186 
4 1 186 198 199 187 
4 1 187 199 200 188 
4 1 188 200 201 189 
4 1 189 201 202 190 
4 1 190 202 203 191 
4 1 191 203 204 192 
4 1 192 204 205 193 
4 1 193 205 194 182 
3 1 194 206 195 
3 1 195 206 196 
3 1 196 206 197 
3 1 197 206 198 
3 1 198 206 199 
3 1 199 206 200 
3 1 200 206 201 
3 1 201 206 202 
3 1 202 206 203 
3 1 203 206 204 
3 1 204 206 205 
3 1 205 206 194 
3 1 207 208 209 
3 1 207 209 210 
3 1 207 210 211 
3 1 207 211 212 
3 1 207 212 213 
3 1 207 213 214 
3 1 207 214 215 
3 1 207 215 216 
3 1 207 216 217 
3 1 207 217 218 
3 1 207 218 219 
3 1 207 219 208 
4 1 208 220 221 209 
4 1 209 221 222 210 
4 1 210 222 223 211 
4 1 211 223 224 212 
4 1 212 224 225 213 
4 1 213 225 226 214 
4 1 214 226 227 215 
4 1 215 227 228 216 
4 1 216 228 229 217 
4 1 217 229 230 218 
4 1 218 230 231 219 
4 1 219 231 220 208 
3 1 220 232 221 
3 1 221 232 222 
3 1 222 232 223 
3 1 223 232 224 
3 1 224 232 225 
3 1 225 232 226 
3 1 226 232 227 
3 1 227 232 228 
3 1 228 232 229 
3 1 229 232 230 
3 1 230 232 231 
3 1 231 232 220 
4 2 233 234 235 236 
4 2 233 237 238 234 
4 2 234 238 239 235 
4 2 235 239 240 236 
4 2 236 240 237 233 
4 2 237 240 239 238 
3 1 241 242 243 
3 1 241 243 244 
3 1 241 244 245 
3 1 241 245 246 
3 1 241 246 247 
3 1 241 247 248 
3 1 241 248 249 
3 1 241 249 250 
3 1 241 250 251 
3 1 241 251 252 
3 1 241 252 253 
3 1 241 253 242 
4 1 242 254 255 243 
4 1 243 255 256 244 
4 1 244 256 257 245 
4 1 245 257 258 246 
4 1 246 258 259 247 
4 1 247 259 260 248 
4 1 248 260 261 249 
4 1 249 261 262 250 
4 1 250 262 263 251 
4 1 251 263 264 252 
4 1 252 264 265 253 
4 1 253 265 254 242 
3 1 254 266 255 
3 1 255 266 256 
3 1 256 266 257 
3 1 257 266 258 
3 1 258 266 259 
3 1 259 266 260 
3 1 260 266 261 
3 1 261 266 262 
3 1 262 266 263 
3 1 263 266 264 
3 1 264 266 265 
3 1 265 266 254 
4 2 267 268 269 270 
4 2 267 271 272 268 
4 2 268 272 273 269 
4 2 269 273 274 270 
4 2 270 274 271 267 
4 2 271 274 273 272 
3 1 275 276 277 
3 1 275 277 278 
3 1 275 278 279 
3 1 275 279 280 
3 1 275 280 281 
3 1 275 281 282 
3 1 275 282 283 
3 1 275 283 284 
3 1 275 284 285 
3 1 275 285 286 
3 1 275 286 287 
3 1 275 287 276 
4 1 276 288 289 277 
4 1 277 289 290 278 
4 1 278 290 291 279 
4 1 279 291 292 280 
4 1 280 292 293 281 
4 1 281 293 294 282 
4 1 282 294 295 283 
4 1 283 295 296 284 
4 1 284 296 297 285 
4 1 285 297 298 286 
4 1 286 298 299 287 
4 1 287 299 288 276 
3 1 288 300 289 
3 1 289 300 290 
3 1 290 300 291 
3 1 291 300 292 
3 1 292 300 293 
3 1 293 300 294 
3 1 294 300 295 
3 1 295 300 296 
3 1 296 300 297 
3 1 297 300 298 
3 1 298 300 299 
3 1 299 300 288 
4 2 301 302 303 304 
4 2 301 305 306 302 
4 2 302 306 307 303 
4 2 303 307 308 304 
4 2 304 308 305 301 
4 2 305 308 307 306 
3 1 309 310 311 
3 1 309 311 312 
3 1 309 312 313 
3 1 309 313 314 
3 1 309 314 315 
3 1 309 315 316 
3 1 309 316 317 
3 1 309 317 318 
3 1 309 318 319 
3 1 309 319 320 
3 1 309 320 321 
3 1 309 321 310 
4 1 310 322 323 311 
4 1 311 323 324 312 
4 1 312 324 325 313 
4 1 313 325 326 314 
4 1 314 326 327 315 
4 1 315 327 328 316 
4 1 316 328 329 317 
4 1 317 329 330 318 
4 1 318 330 331 319 
4 1 319 331 332 320 
4 1 320 332 333 321 
4 1 321 333 322 310 
3 1 322 334 323 
3 1 323 334 324 
3 1 324 334 325 
3 1 325 334 326 
3 1 326 334 327 
3 1 327 334 328 
3 1 328 334 329 
3 1 329 334 330 
3 1 330 334 331 
3 1 331 334 332 
3 1 332 334 333 
3 1 333 334 322 
4 2 335 336 337 338 
4 2 335 339 340 336 
4 2 336 340 341 337 
4 2 337 341 342 338 
4 2 338 342 339 335 
4 2 339 342 341 340 
