Ceiling Fan 12/86
1
2   4   1
1.0   2.0   0.0   3   0.1
0.5   1.0   0.5   3   0.05
2
19   12   1   3
1.0  1.0  1.0  0.0  0.0  0.0
0.0  0.0  0.0
0.0  0.0
2.6  0.0
2.4  -1.5
1.5  -2.2
1.5  -2.9
1.2  -3.1
1.2  -3.9
1.5  -4.1
1.5  -5.5
5.3  -5.5
6.1  -6.2
6.1  -8.4
5.3  -9.1
3.7  -9.1
2.3  -8.6
2.3  -10.7
2.8  -11.1
2.8  -13.4
0.0  -13.4
2
4    12   1    1
1.0  1.0  1.0  2.5  0.0  -9.2
0.0  45.0 0.0
0.0  0.0
0.25 0.0
0.25 2.5
0.0  2.5
3
4    1    1    2    1
1.0  1.0  1.0  4.1  0.0  -10.7
-15.0 0.0 0.0
13.0 0.0
2.5  0.25
-2.5 0.25
-2.5 -0.25
2.5  -0.25
2
4    12   1    1
-1.0 1.0  1.0  2.5  0.0  -9.2
0.0  45.0 0.0
0.0  0.0
0.25 0.0
0.25 2.5
0.0  2.5
3
4    1    1    2    1
-1.0 1.0  1.0  4.1  0.0  -10.7
15.0 0.0 0.0
13.0 0.0
2.5  0.25
-2.5 0.25
-2.5 -0.25
2.5  -0.25
2
4    12   1    2
1.0  1.0  1.0  0.0  2.5  -9.2
0.0  45.0 0.0
0.0  0.0
0.25 0.0
0.25 2.5
0.0  2.5
3
4    1    1    2    2
1.0  1.0  1.0  0.0  4.1  -10.7
0.0  -15.0 0.0
13.0 0.0
0.25 2.5
0.25 -2.5
-0.25 -2.5
-0.25 2.5
2
4    12   1    2
1.0  -1.0 1.0  0.0  2.5  -9.2
0.0  45.0 0.0
0.0  0.0
0.25 0.0
0.25 2.5
0.0  2.5
3
4    1    1    2    2
1.0  -1.0 1.0  0.0  4.1  -10.7
0.0  15.0 0.0
13.0 0.0
0.25 2.5
0.25 -2.5
-0.25 -2.5
-0.25 2.5
0
