fractal2
4
1 297 512 3 2
1. 1. 0. 1. .1
0.9375 0.274432 0.106035
0.9375 0.365909 0.108443
1 0.365909 0
1 0.274432 0.0643395
0.9375 0.182955 0.224618
1 0.182955 0.000793187
0.875 0.274432 0.269212
0.875 0.365909 0.130461
0.875 0.182955 0.299383
0.9375 0.0914773 -0.0130532
1 0.0914773 -0.00774614
0.9375 0 0.0440557
1 0 0
0.875 0.0914773 0.185927
0.875 0 0.000793187
0.8125 0.274432 -0.0425465
0.8125 0.365909 0.120908
0.8125 0.182955 0.0656797
0.75 0.274432 -0.0384199
0.75 0.365909 0
0.75 0.182955 0.0255133
0.8125 0.0914773 -0.0320534
0.8125 0 0.0447613
0.75 0.0914773 -0.0558565
0.75 0 0
0.6875 0.274432 -0.0745813
0.6875 0.365909 0.0955384
0.6875 0.182955 -0.0679117
0.625 0.274432 0.00834159
0.625 0.365909 0.090439
0.625 0.182955 -0.0533631
0.6875 0.0914773 0.0808167
0.6875 0 0.0420621
0.625 0.0914773 -0.0432736
0.625 0 0.000793187
0.5625 0.274432 0.0398903
0.5625 0.365909 0.0546853
0.5625 0.182955 -0.0131895
0.5 0.274432 0.0829977
0.5 0.365909 0
0.5 0.182955 0.0255133
0.5625 0.0914773 -0.0763038
0.5625 0 0.0574012
0.5 0.0914773 -0.00347495
0.5 0 0
0.4375 0.274432 0.0128119
0.4375 0.365909 -0.00682174
0.4375 0.182955 -0.00580706
0.375 0.274432 -0.132084
0.375 0.365909 -0.135387
0.375 0.182955 -0.112453
0.4375 0.0914773 0.113662
0.4375 0 -0.023384
0.375 0.0914773 0.0332376
0.375 0 0.0255133
0.3125 0.274432 -0.152816
0.3125 0.365909 -0.11103
0.3125 0.182955 -0.189844
0.25 0.274432 -0.0134766
0.25 0.365909 0
0.25 0.182955 -0.135387
0.3125 0.0914773 -0.0767148
0.3125 0 -0.00687819
0.25 0.0914773 -0.0831209
0.25 0 0
0.1875 0.274432 0.0548763
0.1875 0.365909 0.0145639
0.1875 0.182955 -0.0512567
0.125 0.274432 -0.0783285
0.125 0.365909 -0.0409914
0.125 0.182955 -0.0883267
0.1875 0.0914773 0.0392353
0.1875 0 0.0107716
0.125 0.0914773 -0.100735
0.125 0 -0.135387
0.0625 0.274432 -0.0165844
0.0625 0.365909 -0.0441968
0.0625 0.182955 -0.100869
0 0.274432 -0.132345
0 0.365909 0
0 0.182955 -0.116406
0.0625 0.0914773 0.0258927
0.0625 0 -0.100431
0 0.0914773 -0.0863953
0 0 0
-0.0625 0.274432 -0.267722
-0.0625 0.365909 0.0192486
-0.0625 0.182955 -0.206477
-0.125 0.274432 -0.0451898
-0.125 0.365909 -0.0189377
-0.125 0.182955 -0.185131
-0.0625 0.0914773 0.0275482
-0.0625 0 0.0145038
-0.125 0.0914773 -0.105428
-0.125 0 -0.0633597
-0.1875 0.274432 0.107833
-0.1875 0.365909 0.0202229
-0.1875 0.182955 -0.181027
-0.25 0.274432 0.0168254
-0.25 0.365909 0
-0.25 0.182955 -0.0633597
-0.1875 0.0914773 -0.164203
-0.1875 0 -0.0516577
-0.25 0.0914773 -0.0182942
-0.25 0 0
-0.3125 0.274432 -0.170561
-0.3125 0.365909 -0.079508
-0.3125 0.182955 -0.102681
-0.375 0.274432 -0.118497
-0.375 0.365909 -0.0633597
-0.375 0.182955 -0.33478
-0.3125 0.0914773 -0.0158517
-0.3125 0 -0.0572545
-0.375 0.0914773 -0.158029
-0.375 0 -0.0501221
-0.4375 0.274432 -0.15743
-0.4375 0.365909 0.0115826
-0.4375 0.182955 -0.192148
-0.5 0.274432 -0.0960738
-0.5 0.365909 0
-0.5 0.182955 -0.0623758
-0.4375 0.0914773 -0.169441
-0.4375 0 0.0168825
-0.5 0.0914773 0.0274237
-0.5 0 0
-0.5625 0.274432 -0.0677116
-0.5625 0.365909 0.0648522
-0.5625 0.182955 0.135544
-0.625 0.274432 0.153186
-0.625 0.365909 0.0255133
-0.625 0.182955 0.155744
-0.5625 0.0914773 0.123361
-0.5625 0 0.0699256
-0.625 0.0914773 0.152667
-0.625 0 0.0428729
-0.6875 0.274432 0.196104
-0.6875 0.365909 0.0359738
-0.6875 0.182955 0.10377
-0.75 0.274432 -0.0465651
-0.75 0.365909 0
-0.75 0.182955 -0.0501221
-0.6875 0.0914773 -0.111679
-0.6875 0 -0.0475952
-0.75 0.0914773 -0.0827027
-0.75 0 0
-0.8125 0.274432 -0.232898
-0.8125 0.365909 -0.123302
-0.8125 0.182955 0.079093
-0.875 0.274432 -0.115972
-0.875 0.365909 -0.130488
-0.875 0.182955 0.0968587
-0.8125 0.0914773 0.0181135
-0.8125 0 0.0143603
-0.875 0.0914773 0.0937585
-0.875 0 0.0132964
-0.9375 0.274432 -0.175166
-0.9375 0.365909 -0.0722576
-0.9375 0.182955 0.0828586
-1 0.274432 0.0636208
-1 0.365909 0
-1 0.182955 0.0428729
-0.9375 0.0914773 0.111063
-0.9375 0 0.0638273
-1 0.0914773 0.0839839
-1 0 0
0.9375 -0.0914773 -0.0485667
1 -0.0914773 0.0529732
0.9375 -0.182955 -0.0299893
1 -0.182955 0.0255441
0.875 -0.0914773 0.000938107
0.875 -0.182955 0.0537258
0.9375 -0.274432 0.0755484
1 -0.274432 0.0178791
0.9375 -0.365909 0.0434354
1 -0.365909 0
0.875 -0.274432 0.0977644
0.875 -0.365909 0.0132964
0.8125 -0.0914773 -0.0693532
0.8125 -0.182955 -0.0497981
0.75 -0.0914773 0.0165843
0.75 -0.182955 -0.038203
0.8125 -0.274432 0.12239
0.8125 -0.365909 0.0571254
0.75 -0.274432 0.0312298
0.75 -0.365909 0
0.6875 -0.0914773 -0.0357484
0.6875 -0.182955 0.0883454
0.625 -0.0914773 0.161229
0.625 -0.182955 0.156226
0.6875 -0.274432 0.236798
0.6875 -0.365909 0.0693835
0.625 -0.274432 0.175369
0.625 -0.365909 0.0428729
0.5625 -0.0914773 0.196987
0.5625 -0.182955 0.0359832
0.5 -0.0914773 0.0543864
0.5 -0.182955 0.0428729
0.5625 -0.274432 0.185342
0.5625 -0.365909 -0.0354376
0.5 -0.274432 0.0471049
0.5 -0.365909 0
0.4375 -0.0914773 0.0714257
0.4375 -0.182955 -0.0480185
0.375 -0.0914773 0.0528313
0.375 -0.182955 -0.0261793
0.4375 -0.274432 0.104007
0.4375 -0.365909 -0.0232562
0.375 -0.274432 -0.0623954
0.375 -0.365909 -0.0501221
0.3125 -0.0914773 0.044025
0.3125 -0.182955 -0.100437
0.25 -0.0914773 -0.0765828
0.25 -0.182955 -0.0623758
0.3125 -0.274432 -0.0809575
0.3125 -0.365909 -0.0849905
0.25 -0.274432 -0.0711562
0.25 -0.365909 0
0.1875 -0.0914773 0.110168
0.1875 -0.182955 0.0967112
0.125 -0.0914773 0.0568244
0.125 -0.182955 0.116828
0.1875 -0.274432 -0.0403587
0.1875 -0.365909 0.000101731
0.125 -0.274432 0.10148
0.125 -0.365909 -0.0633597
0.0625 -0.0914773 0.147904
0.0625 -0.182955 0.070815
0 -0.0914773 -0.0469163
0 -0.182955 -0.116406
0.0625 -0.274432 0.102845
0.0625 -0.365909 0.0242742
0 -0.274432 -0.12871
0 -0.365909 0
-0.0625 -0.0914773 -0.1529
-0.0625 -0.182955 -0.175895
-0.125 -0.0914773 -0.125718
-0.125 -0.182955 -0.193984
-0.0625 -0.274432 -0.248777
-0.0625 -0.365909 -0.0419059
-0.125 -0.274432 -0.117227
-0.125 -0.365909 -0.135387
-0.1875 -0.0914773 -0.102669
-0.1875 -0.182955 -0.0766048
-0.25 -0.0914773 0.0137247
-0.25 -0.182955 0.0255133
-0.1875 -0.274432 0.0373452
-0.1875 -0.365909 -0.00275781
-0.25 -0.274432 -0.0184007
-0.25 -0.365909 0
-0.3125 -0.0914773 0.111458
-0.3125 -0.182955 0.0166199
-0.375 -0.0914773 -0.0419086
-0.375 -0.182955 0.0490016
-0.3125 -0.274432 -0.0329651
-0.3125 -0.365909 0.00524039
-0.375 -0.274432 0.0367173
-0.375 -0.365909 0.0255133
-0.4375 -0.0914773 0.0719969
-0.4375 -0.182955 0.00381068
-0.5 -0.0914773 -0.0157895
-0.5 -0.182955 0.000793187
-0.4375 -0.274432 -0.132679
-0.4375 -0.365909 0.0165083
-0.5 -0.274432 -0.0487421
-0.5 -0.365909 0
-0.5625 -0.0914773 -0.00969882
-0.5625 -0.182955 0.0891335
-0.625 -0.0914773 0.0943636
-0.625 -0.182955 0.0453473
-0.5625 -0.274432 0.143514
-0.5625 -0.365909 -0.0433904
-0.625 -0.274432 0.0370673
-0.625 -0.365909 0.000793187
-0.6875 -0.0914773 -0.0424707
-0.6875 -0.182955 0.0181626
-0.75 -0.0914773 -0.0402463
-0.75 -0.182955 0.000793187
-0.6875 -0.274432 0.0266171
-0.6875 -0.365909 -0.0190795
-0.75 -0.274432 0.0463794
-0.75 -0.365909 0
-0.8125 -0.0914773 0.102618
-0.8125 -0.182955 0.0528117
-0.875 -0.0914773 0.0644966
-0.875 -0.182955 0.100726
-0.8125 -0.274432 0.0728137
-0.8125 -0.365909 -0.0586251
-0.875 -0.274432 0.100388
-0.875 -0.365909 0.000793187
-0.9375 -0.0914773 0.115415
-0.9375 -0.182955 0.164421
-1 -0.0914773 -0.0299818
-1 -0.182955 0.0888469
-0.9375 -0.274432 0.22452
-0.9375 -0.365909 0.0139956
-1 -0.274432 0.0850905
-1 -0.365909 0
 3 1      1      2      4  
 3 1      2      3      4  
 3 1      5      1      6  
 3 1      1      4      6  
 3 1      7      8      1  
 3 1      8      2      1  
 3 1      9      7      5  
 3 1      7      1      5  
 3 1     10      5     11  
 3 1      5      6     11  
 3 1     12     10     13  
 3 1     10     11     13  
 3 1     14      9     10  
 3 1      9      5     10  
 3 1     15     14     12  
 3 1     14     10     12  
 3 1     16     17      7  
 3 1     17      8      7  
 3 1     18     16      9  
 3 1     16      7      9  
 3 1     19     20     16  
 3 1     20     17     16  
 3 1     21     19     18  
 3 1     19     16     18  
 3 1     22     18     14  
 3 1     18      9     14  
 3 1     23     22     15  
 3 1     22     14     15  
 3 1     24     21     22  
 3 1     21     18     22  
 3 1     25     24     23  
 3 1     24     22     23  
 3 1     26     27     19  
 3 1     27     20     19  
 3 1     28     26     21  
 3 1     26     19     21  
 3 1     29     30     26  
 3 1     30     27     26  
 3 1     31     29     28  
 3 1     29     26     28  
 3 1     32     28     24  
 3 1     28     21     24  
 3 1     33     32     25  
 3 1     32     24     25  
 3 1     34     31     32  
 3 1     31     28     32  
 3 1     35     34     33  
 3 1     34     32     33  
 3 1     36     37     29  
 3 1     37     30     29  
 3 1     38     36     31  
 3 1     36     29     31  
 3 1     39     40     36  
 3 1     40     37     36  
 3 1     41     39     38  
 3 1     39     36     38  
 3 1     42     38     34  
 3 1     38     31     34  
 3 1     43     42     35  
 3 1     42     34     35  
 3 1     44     41     42  
 3 1     41     38     42  
 3 1     45     44     43  
 3 1     44     42     43  
 3 1     46     47     39  
 3 1     47     40     39  
 3 1     48     46     41  
 3 1     46     39     41  
 3 1     49     50     46  
 3 1     50     47     46  
 3 1     51     49     48  
 3 1     49     46     48  
 3 1     52     48     44  
 3 1     48     41     44  
 3 1     53     52     45  
 3 1     52     44     45  
 3 1     54     51     52  
 3 1     51     48     52  
 3 1     55     54     53  
 3 1     54     52     53  
 3 1     56     57     49  
 3 1     57     50     49  
 3 1     58     56     51  
 3 1     56     49     51  
 3 1     59     60     56  
 3 1     60     57     56  
 3 1     61     59     58  
 3 1     59     56     58  
 3 1     62     58     54  
 3 1     58     51     54  
 3 1     63     62     55  
 3 1     62     54     55  
 3 1     64     61     62  
 3 1     61     58     62  
 3 1     65     64     63  
 3 1     64     62     63  
 3 1     66     67     59  
 3 1     67     60     59  
 3 1     68     66     61  
 3 1     66     59     61  
 3 1     69     70     66  
 3 1     70     67     66  
 3 1     71     69     68  
 3 1     69     66     68  
 3 1     72     68     64  
 3 1     68     61     64  
 3 1     73     72     65  
 3 1     72     64     65  
 3 1     74     71     72  
 3 1     71     68     72  
 3 1     75     74     73  
 3 1     74     72     73  
 3 1     76     77     69  
 3 1     77     70     69  
 3 1     78     76     71  
 3 1     76     69     71  
 3 1     79     80     76  
 3 1     80     77     76  
 3 1     81     79     78  
 3 1     79     76     78  
 3 1     82     78     74  
 3 1     78     71     74  
 3 1     83     82     75  
 3 1     82     74     75  
 3 1     84     81     82  
 3 1     81     78     82  
 3 1     85     84     83  
 3 1     84     82     83  
 3 1     86     87     79  
 3 1     87     80     79  
 3 1     88     86     81  
 3 1     86     79     81  
 3 1     89     90     86  
 3 1     90     87     86  
 3 1     91     89     88  
 3 1     89     86     88  
 3 1     92     88     84  
 3 1     88     81     84  
 3 1     93     92     85  
 3 1     92     84     85  
 3 1     94     91     92  
 3 1     91     88     92  
 3 1     95     94     93  
 3 1     94     92     93  
 3 1     96     97     89  
 3 1     97     90     89  
 3 1     98     96     91  
 3 1     96     89     91  
 3 1     99    100     96  
 3 1    100     97     96  
 3 1    101     99     98  
 3 1     99     96     98  
 3 1    102     98     94  
 3 1     98     91     94  
 3 1    103    102     95  
 3 1    102     94     95  
 3 1    104    101    102  
 3 1    101     98    102  
 3 1    105    104    103  
 3 1    104    102    103  
 3 1    106    107     99  
 3 1    107    100     99  
 3 1    108    106    101  
 3 1    106     99    101  
 3 1    109    110    106  
 3 1    110    107    106  
 3 1    111    109    108  
 3 1    109    106    108  
 3 1    112    108    104  
 3 1    108    101    104  
 3 1    113    112    105  
 3 1    112    104    105  
 3 1    114    111    112  
 3 1    111    108    112  
 3 1    115    114    113  
 3 1    114    112    113  
 3 1    116    117    109  
 3 1    117    110    109  
 3 1    118    116    111  
 3 1    116    109    111  
 3 1    119    120    116  
 3 1    120    117    116  
 3 1    121    119    118  
 3 1    119    116    118  
 3 1    122    118    114  
 3 1    118    111    114  
 3 1    123    122    115  
 3 1    122    114    115  
 3 1    124    121    122  
 3 1    121    118    122  
 3 1    125    124    123  
 3 1    124    122    123  
 3 1    126    127    119  
 3 1    127    120    119  
 3 1    128    126    121  
 3 1    126    119    121  
 3 1    129    130    126  
 3 1    130    127    126  
 3 1    131    129    128  
 3 1    129    126    128  
 3 1    132    128    124  
 3 1    128    121    124  
 3 1    133    132    125  
 3 1    132    124    125  
 3 1    134    131    132  
 3 1    131    128    132  
 3 1    135    134    133  
 3 1    134    132    133  
 3 1    136    137    129  
 3 1    137    130    129  
 3 1    138    136    131  
 3 1    136    129    131  
 3 1    139    140    136  
 3 1    140    137    136  
 3 1    141    139    138  
 3 1    139    136    138  
 3 1    142    138    134  
 3 1    138    131    134  
 3 1    143    142    135  
 3 1    142    134    135  
 3 1    144    141    142  
 3 1    141    138    142  
 3 1    145    144    143  
 3 1    144    142    143  
 3 1    146    147    139  
 3 1    147    140    139  
 3 1    148    146    141  
 3 1    146    139    141  
 3 1    149    150    146  
 3 1    150    147    146  
 3 1    151    149    148  
 3 1    149    146    148  
 3 1    152    148    144  
 3 1    148    141    144  
 3 1    153    152    145  
 3 1    152    144    145  
 3 1    154    151    152  
 3 1    151    148    152  
 3 1    155    154    153  
 3 1    154    152    153  
 3 1    156    157    149  
 3 1    157    150    149  
 3 1    158    156    151  
 3 1    156    149    151  
 3 1    159    160    156  
 3 1    160    157    156  
 3 1    161    159    158  
 3 1    159    156    158  
 3 1    162    158    154  
 3 1    158    151    154  
 3 1    163    162    155  
 3 1    162    154    155  
 3 1    164    161    162  
 3 1    161    158    162  
 3 1    165    164    163  
 3 1    164    162    163  
 3 1    166     12    167  
 3 1     12     13    167  
 3 1    168    166    169  
 3 1    166    167    169  
 3 1    170     15    166  
 3 1     15     12    166  
 3 1    171    170    168  
 3 1    170    166    168  
 3 1    172    168    173  
 3 1    168    169    173  
 3 1    174    172    175  
 3 1    172    173    175  
 3 1    176    171    172  
 3 1    171    168    172  
 3 1    177    176    174  
 3 1    176    172    174  
 3 1    178     23    170  
 3 1     23     15    170  
 3 1    179    178    171  
 3 1    178    170    171  
 3 1    180     25    178  
 3 1     25     23    178  
 3 1    181    180    179  
 3 1    180    178    179  
 3 1    182    179    176  
 3 1    179    171    176  
 3 1    183    182    177  
 3 1    182    176    177  
 3 1    184    181    182  
 3 1    181    179    182  
 3 1    185    184    183  
 3 1    184    182    183  
 3 1    186     33    180  
 3 1     33     25    180  
 3 1    187    186    181  
 3 1    186    180    181  
 3 1    188     35    186  
 3 1     35     33    186  
 3 1    189    188    187  
 3 1    188    186    187  
 3 1    190    187    184  
 3 1    187    181    184  
 3 1    191    190    185  
 3 1    190    184    185  
 3 1    192    189    190  
 3 1    189    187    190  
 3 1    193    192    191  
 3 1    192    190    191  
 3 1    194     43    188  
 3 1     43     35    188  
 3 1    195    194    189  
 3 1    194    188    189  
 3 1    196     45    194  
 3 1     45     43    194  
 3 1    197    196    195  
 3 1    196    194    195  
 3 1    198    195    192  
 3 1    195    189    192  
 3 1    199    198    193  
 3 1    198    192    193  
 3 1    200    197    198  
 3 1    197    195    198  
 3 1    201    200    199  
 3 1    200    198    199  
 3 1    202     53    196  
 3 1     53     45    196  
 3 1    203    202    197  
 3 1    202    196    197  
 3 1    204     55    202  
 3 1     55     53    202  
 3 1    205    204    203  
 3 1    204    202    203  
 3 1    206    203    200  
 3 1    203    197    200  
 3 1    207    206    201  
 3 1    206    200    201  
 3 1    208    205    206  
 3 1    205    203    206  
 3 1    209    208    207  
 3 1    208    206    207  
 3 1    210     63    204  
 3 1     63     55    204  
 3 1    211    210    205  
 3 1    210    204    205  
 3 1    212     65    210  
 3 1     65     63    210  
 3 1    213    212    211  
 3 1    212    210    211  
 3 1    214    211    208  
 3 1    211    205    208  
 3 1    215    214    209  
 3 1    214    208    209  
 3 1    216    213    214  
 3 1    213    211    214  
 3 1    217    216    215  
 3 1    216    214    215  
 3 1    218     73    212  
 3 1     73     65    212  
 3 1    219    218    213  
 3 1    218    212    213  
 3 1    220     75    218  
 3 1     75     73    218  
 3 1    221    220    219  
 3 1    220    218    219  
 3 1    222    219    216  
 3 1    219    213    216  
 3 1    223    222    217  
 3 1    222    216    217  
 3 1    224    221    222  
 3 1    221    219    222  
 3 1    225    224    223  
 3 1    224    222    223  
 3 1    226     83    220  
 3 1     83     75    220  
 3 1    227    226    221  
 3 1    226    220    221  
 3 1    228     85    226  
 3 1     85     83    226  
 3 1    229    228    227  
 3 1    228    226    227  
 3 1    230    227    224  
 3 1    227    221    224  
 3 1    231    230    225  
 3 1    230    224    225  
 3 1    232    229    230  
 3 1    229    227    230  
 3 1    233    232    231  
 3 1    232    230    231  
 3 1    234     93    228  
 3 1     93     85    228  
 3 1    235    234    229  
 3 1    234    228    229  
 3 1    236     95    234  
 3 1     95     93    234  
 3 1    237    236    235  
 3 1    236    234    235  
 3 1    238    235    232  
 3 1    235    229    232  
 3 1    239    238    233  
 3 1    238    232    233  
 3 1    240    237    238  
 3 1    237    235    238  
 3 1    241    240    239  
 3 1    240    238    239  
 3 1    242    103    236  
 3 1    103     95    236  
 3 1    243    242    237  
 3 1    242    236    237  
 3 1    244    105    242  
 3 1    105    103    242  
 3 1    245    244    243  
 3 1    244    242    243  
 3 1    246    243    240  
 3 1    243    237    240  
 3 1    247    246    241  
 3 1    246    240    241  
 3 1    248    245    246  
 3 1    245    243    246  
 3 1    249    248    247  
 3 1    248    246    247  
 3 1    250    113    244  
 3 1    113    105    244  
 3 1    251    250    245  
 3 1    250    244    245  
 3 1    252    115    250  
 3 1    115    113    250  
 3 1    253    252    251  
 3 1    252    250    251  
 3 1    254    251    248  
 3 1    251    245    248  
 3 1    255    254    249  
 3 1    254    248    249  
 3 1    256    253    254  
 3 1    253    251    254  
 3 1    257    256    255  
 3 1    256    254    255  
 3 1    258    123    252  
 3 1    123    115    252  
 3 1    259    258    253  
 3 1    258    252    253  
 3 1    260    125    258  
 3 1    125    123    258  
 3 1    261    260    259  
 3 1    260    258    259  
 3 1    262    259    256  
 3 1    259    253    256  
 3 1    263    262    257  
 3 1    262    256    257  
 3 1    264    261    262  
 3 1    261    259    262  
 3 1    265    264    263  
 3 1    264    262    263  
 3 1    266    133    260  
 3 1    133    125    260  
 3 1    267    266    261  
 3 1    266    260    261  
 3 1    268    135    266  
 3 1    135    133    266  
 3 1    269    268    267  
 3 1    268    266    267  
 3 1    270    267    264  
 3 1    267    261    264  
 3 1    271    270    265  
 3 1    270    264    265  
 3 1    272    269    270  
 3 1    269    267    270  
 3 1    273    272    271  
 3 1    272    270    271  
 3 1    274    143    268  
 3 1    143    135    268  
 3 1    275    274    269  
 3 1    274    268    269  
 3 1    276    145    274  
 3 1    145    143    274  
 3 1    277    276    275  
 3 1    276    274    275  
 3 1    278    275    272  
 3 1    275    269    272  
 3 1    279    278    273  
 3 1    278    272    273  
 3 1    280    277    278  
 3 1    277    275    278  
 3 1    281    280    279  
 3 1    280    278    279  
 3 1    282    153    276  
 3 1    153    145    276  
 3 1    283    282    277  
 3 1    282    276    277  
 3 1    284    155    282  
 3 1    155    153    282  
 3 1    285    284    283  
 3 1    284    282    283  
 3 1    286    283    280  
 3 1    283    277    280  
 3 1    287    286    281  
 3 1    286    280    281  
 3 1    288    285    286  
 3 1    285    283    286  
 3 1    289    288    287  
 3 1    288    286    287  
 3 1    290    163    284  
 3 1    163    155    284  
 3 1    291    290    285  
 3 1    290    284    285  
 3 1    292    165    290  
 3 1    165    163    290  
 3 1    293    292    291  
 3 1    292    290    291  
 3 1    294    291    288  
 3 1    291    285    288  
 3 1    295    294    289  
 3 1    294    288    289  
 3 1    296    293    294  
 3 1    293    291    294  
 3 1    297    296    295  
 3 1    296    294    295  
