 Glass
 4
 1    380     360 4 2
 1. 1. 0. 1. .1
   0.70000   0.00000  -0.90000
   0.75000   0.00000  -0.88125
   0.70000   0.00000  -0.86250
   0.22500   0.00000  -0.82500
   0.12500   0.00000  -0.77500
   0.06250   0.00000  -0.72500
   0.05000   0.00000  -0.15000
   0.07500   0.00000  -0.10000
   0.15000   0.00000  -0.07500
   0.38750   0.00000   0.02500
   0.57500   0.00000   0.12500
   0.72500   0.00000   0.22500
   0.83750   0.00000   0.35000
   0.90000   0.00000   0.45000
   0.97500   0.00000   0.60000
   0.98750   0.00000   0.70000
   1.00000   0.00000   0.87500
   0.98750   0.00000   0.90000
   0.97500   0.00000   0.87500
   0.66575   0.21630  -0.90000
   0.71330   0.23178  -0.88125
   0.66575   0.21630  -0.86250
   0.21400   0.06953  -0.82500
   0.11887   0.03862  -0.77500
   0.05945   0.01932  -0.72500
   0.04755   0.01545  -0.15000
   0.07132   0.02317  -0.10000
   0.14265   0.04635  -0.07500
   0.36852   0.11975   0.02500
   0.54685   0.17767   0.12500
   0.68953   0.22402   0.22500
   0.79650   0.25880   0.35000
   0.85595   0.27812   0.45000
   0.92728   0.30130   0.60000
   0.93918   0.30515   0.70000
   0.95105   0.30902   0.87500
   0.93918   0.30515   0.90000
   0.92728   0.30130   0.87500
   0.56630   0.41145  -0.90000
   0.60677   0.44085  -0.88125
   0.56630   0.41145  -0.86250
   0.18203   0.13225  -0.82500
   0.10113   0.07348  -0.77500
   0.05057   0.03672  -0.72500
   0.04045   0.02940  -0.15000
   0.06067   0.04408  -0.10000
   0.12135   0.08817  -0.07500
   0.31350   0.22777   0.02500
   0.46518   0.33797   0.12500
   0.58653   0.42615   0.22500
   0.67755   0.49227   0.35000
   0.72812   0.52900   0.45000
   0.78880   0.57310   0.60000
   0.79890   0.58045   0.70000
   0.80902   0.58777   0.87500
   0.79890   0.58045   0.90000
   0.78880   0.57310   0.87500
   0.41145   0.56630  -0.90000
   0.44085   0.60677  -0.88125
   0.41145   0.56630  -0.86250
   0.13225   0.18203  -0.82500
   0.07348   0.10113  -0.77500
   0.03672   0.05057  -0.72500
   0.02940   0.04045  -0.15000
   0.04408   0.06067  -0.10000
   0.08817   0.12135  -0.07500
   0.22777   0.31350   0.02500
   0.33797   0.46518   0.12500
   0.42615   0.58653   0.22500
   0.49227   0.67755   0.35000
   0.52900   0.72812   0.45000
   0.57310   0.78880   0.60000
   0.58045   0.79890   0.70000
   0.58777   0.80902   0.87500
   0.58045   0.79890   0.90000
   0.57310   0.78880   0.87500
   0.21630   0.66575  -0.90000
   0.23178   0.71330  -0.88125
   0.21630   0.66575  -0.86250
   0.06953   0.21400  -0.82500
   0.03862   0.11887  -0.77500
   0.01932   0.05945  -0.72500
   0.01545   0.04755  -0.15000
   0.02317   0.07132  -0.10000
   0.04635   0.14265  -0.07500
   0.11975   0.36852   0.02500
   0.17767   0.54685   0.12500
   0.22402   0.68953   0.22500
   0.25880   0.79650   0.35000
   0.27812   0.85595   0.45000
   0.30130   0.92728   0.60000
   0.30515   0.93918   0.70000
   0.30902   0.95105   0.87500
   0.30515   0.93918   0.90000
   0.30130   0.92728   0.87500
   0.00000   0.70000  -0.90000
   0.00000   0.75000  -0.88125
   0.00000   0.70000  -0.86250
   0.00000   0.22500  -0.82500
   0.00000   0.12500  -0.77500
   0.00000   0.06250  -0.72500
   0.00000   0.05000  -0.15000
   0.00000   0.07500  -0.10000
   0.00000   0.15000  -0.07500
   0.00000   0.38750   0.02500
   0.00000   0.57500   0.12500
   0.00000   0.72500   0.22500
   0.00000   0.83750   0.35000
   0.00000   0.90000   0.45000
   0.00000   0.97500   0.60000
   0.00000   0.98750   0.70000
   0.00000   1.00000   0.87500
   0.00000   0.98750   0.90000
   0.00000   0.97500   0.87500
  -0.21630   0.66575  -0.90000
  -0.23178   0.71330  -0.88125
  -0.21630   0.66575  -0.86250
  -0.06953   0.21400  -0.82500
  -0.03862   0.11887  -0.77500
  -0.01932   0.05945  -0.72500
  -0.01545   0.04755  -0.15000
  -0.02317   0.07132  -0.10000
  -0.04635   0.14265  -0.07500
  -0.11975   0.36852   0.02500
  -0.17767   0.54685   0.12500
  -0.22402   0.68953   0.22500
  -0.25880   0.79650   0.35000
  -0.27812   0.85595   0.45000
  -0.30130   0.92728   0.60000
  -0.30515   0.93918   0.70000
  -0.30902   0.95105   0.87500
  -0.30515   0.93918   0.90000
  -0.30130   0.92728   0.87500
  -0.41145   0.56630  -0.90000
  -0.44085   0.60677  -0.88125
  -0.41145   0.56630  -0.86250
  -0.13225   0.18203  -0.82500
  -0.07348   0.10113  -0.77500
  -0.03672   0.05057  -0.72500
  -0.02940   0.04045  -0.15000
  -0.04408   0.06067  -0.10000
  -0.08817   0.12135  -0.07500
  -0.22777   0.31350   0.02500
  -0.33797   0.46518   0.12500
  -0.42615   0.58653   0.22500
  -0.49227   0.67755   0.35000
  -0.52900   0.72812   0.45000
  -0.57310   0.78880   0.60000
  -0.58045   0.79890   0.70000
  -0.58777   0.80902   0.87500
  -0.58045   0.79890   0.90000
  -0.57310   0.78880   0.87500
  -0.56630   0.41145  -0.90000
  -0.60677   0.44085  -0.88125
  -0.56630   0.41145  -0.86250
  -0.18203   0.13225  -0.82500
  -0.10113   0.07348  -0.77500
  -0.05057   0.03672  -0.72500
  -0.04045   0.02940  -0.15000
  -0.06067   0.04408  -0.10000
  -0.12135   0.08817  -0.07500
  -0.31350   0.22777   0.02500
  -0.46518   0.33797   0.12500
  -0.58653   0.42615   0.22500
  -0.67755   0.49227   0.35000
  -0.72812   0.52900   0.45000
  -0.78880   0.57310   0.60000
  -0.79890   0.58045   0.70000
  -0.80902   0.58777   0.87500
  -0.79890   0.58045   0.90000
  -0.78880   0.57310   0.87500
  -0.66575   0.21630  -0.90000
  -0.71330   0.23178  -0.88125
  -0.66575   0.21630  -0.86250
  -0.21400   0.06953  -0.82500
  -0.11887   0.03862  -0.77500
  -0.05945   0.01932  -0.72500
  -0.04755   0.01545  -0.15000
  -0.07132   0.02317  -0.10000
  -0.14265   0.04635  -0.07500
  -0.36852   0.11975   0.02500
  -0.54685   0.17767   0.12500
  -0.68953   0.22402   0.22500
  -0.79650   0.25880   0.35000
  -0.85595   0.27812   0.45000
  -0.92728   0.30130   0.60000
  -0.93918   0.30515   0.70000
  -0.95105   0.30902   0.87500
  -0.93918   0.30515   0.90000
  -0.92728   0.30130   0.87500
  -0.70000   0.00000  -0.90000
  -0.75000   0.00000  -0.88125
  -0.70000   0.00000  -0.86250
  -0.22500   0.00000  -0.82500
  -0.12500   0.00000  -0.77500
  -0.06250   0.00000  -0.72500
  -0.05000   0.00000  -0.15000
  -0.07500   0.00000  -0.10000
  -0.15000   0.00000  -0.07500
  -0.38750   0.00000   0.02500
  -0.57500   0.00000   0.12500
  -0.72500   0.00000   0.22500
  -0.83750   0.00000   0.35000
  -0.90000   0.00000   0.45000
  -0.97500   0.00000   0.60000
  -0.98750   0.00000   0.70000
  -1.00000   0.00000   0.87500
  -0.98750   0.00000   0.90000
  -0.97500   0.00000   0.87500
  -0.66575  -0.21630  -0.90000
  -0.71330  -0.23178  -0.88125
  -0.66575  -0.21630  -0.86250
  -0.21400  -0.06953  -0.82500
  -0.11887  -0.03862  -0.77500
  -0.05945  -0.01932  -0.72500
  -0.04755  -0.01545  -0.15000
  -0.07132  -0.02317  -0.10000
  -0.14265  -0.04635  -0.07500
  -0.36852  -0.11975   0.02500
  -0.54685  -0.17767   0.12500
  -0.68953  -0.22402   0.22500
  -0.79650  -0.25880   0.35000
  -0.85595  -0.27812   0.45000
  -0.92728  -0.30130   0.60000
  -0.93918  -0.30515   0.70000
  -0.95105  -0.30902   0.87500
  -0.93918  -0.30515   0.90000
  -0.92728  -0.30130   0.87500
  -0.56630  -0.41145  -0.90000
  -0.60677  -0.44085  -0.88125
  -0.56630  -0.41145  -0.86250
  -0.18203  -0.13225  -0.82500
  -0.10113  -0.07348  -0.77500
  -0.05057  -0.03672  -0.72500
  -0.04045  -0.02940  -0.15000
  -0.06067  -0.04408  -0.10000
  -0.12135  -0.08817  -0.07500
  -0.31350  -0.22777   0.02500
  -0.46518  -0.33797   0.12500
  -0.58653  -0.42615   0.22500
  -0.67755  -0.49227   0.35000
  -0.72812  -0.52900   0.45000
  -0.78880  -0.57310   0.60000
  -0.79890  -0.58045   0.70000
  -0.80902  -0.58777   0.87500
  -0.79890  -0.58045   0.90000
  -0.78880  -0.57310   0.87500
  -0.41145  -0.56630  -0.90000
  -0.44085  -0.60677  -0.88125
  -0.41145  -0.56630  -0.86250
  -0.13225  -0.18203  -0.82500
  -0.07348  -0.10113  -0.77500
  -0.03672  -0.05057  -0.72500
  -0.02940  -0.04045  -0.15000
  -0.04408  -0.06067  -0.10000
  -0.08817  -0.12135  -0.07500
  -0.22777  -0.31350   0.02500
  -0.33797  -0.46518   0.12500
  -0.42615  -0.58653   0.22500
  -0.49227  -0.67755   0.35000
  -0.52900  -0.72812   0.45000
  -0.57310  -0.78880   0.60000
  -0.58045  -0.79890   0.70000
  -0.58777  -0.80902   0.87500
  -0.58045  -0.79890   0.90000
  -0.57310  -0.78880   0.87500
  -0.21630  -0.66575  -0.90000
  -0.23178  -0.71330  -0.88125
  -0.21630  -0.66575  -0.86250
  -0.06953  -0.21400  -0.82500
  -0.03862  -0.11887  -0.77500
  -0.01932  -0.05945  -0.72500
  -0.01545  -0.04755  -0.15000
  -0.02317  -0.07132  -0.10000
  -0.04635  -0.14265  -0.07500
  -0.11975  -0.36852   0.02500
  -0.17767  -0.54685   0.12500
  -0.22402  -0.68953   0.22500
  -0.25880  -0.79650   0.35000
  -0.27812  -0.85595   0.45000
  -0.30130  -0.92728   0.60000
  -0.30515  -0.93918   0.70000
  -0.30902  -0.95105   0.87500
  -0.30515  -0.93918   0.90000
  -0.30130  -0.92728   0.87500
   0.00000  -0.70000  -0.90000
   0.00000  -0.75000  -0.88125
   0.00000  -0.70000  -0.86250
   0.00000  -0.22500  -0.82500
   0.00000  -0.12500  -0.77500
   0.00000  -0.06250  -0.72500
   0.00000  -0.05000  -0.15000
   0.00000  -0.07500  -0.10000
   0.00000  -0.15000  -0.07500
   0.00000  -0.38750   0.02500
   0.00000  -0.57500   0.12500
   0.00000  -0.72500   0.22500
   0.00000  -0.83750   0.35000
   0.00000  -0.90000   0.45000
   0.00000  -0.97500   0.60000
   0.00000  -0.98750   0.70000
   0.00000  -1.00000   0.87500
   0.00000  -0.98750   0.90000
   0.00000  -0.97500   0.87500
   0.21630  -0.66575  -0.90000
   0.23178  -0.71330  -0.88125
   0.21630  -0.66575  -0.86250
   0.06953  -0.21400  -0.82500
   0.03862  -0.11887  -0.77500
   0.01932  -0.05945  -0.72500
   0.01545  -0.04755  -0.15000
   0.02317  -0.07132  -0.10000
   0.04635  -0.14265  -0.07500
   0.11975  -0.36852   0.02500
   0.17767  -0.54685   0.12500
   0.22402  -0.68953   0.22500
   0.25880  -0.79650   0.35000
   0.27812  -0.85595   0.45000
   0.30130  -0.92728   0.60000
   0.30515  -0.93918   0.70000
   0.30902  -0.95105   0.87500
   0.30515  -0.93918   0.90000
   0.30130  -0.92728   0.87500
   0.41145  -0.56630  -0.90000
   0.44085  -0.60677  -0.88125
   0.41145  -0.56630  -0.86250
   0.13225  -0.18203  -0.82500
   0.07348  -0.10113  -0.77500
   0.03672  -0.05057  -0.72500
   0.02940  -0.04045  -0.15000
   0.04408  -0.06067  -0.10000
   0.08817  -0.12135  -0.07500
   0.22777  -0.31350   0.02500
   0.33797  -0.46518   0.12500
   0.42615  -0.58653   0.22500
   0.49227  -0.67755   0.35000
   0.52900  -0.72812   0.45000
   0.57310  -0.78880   0.60000
   0.58045  -0.79890   0.70000
   0.58777  -0.80902   0.87500
   0.58045  -0.79890   0.90000
   0.57310  -0.78880   0.87500
   0.56630  -0.41145  -0.90000
   0.60677  -0.44085  -0.88125
   0.56630  -0.41145  -0.86250
   0.18203  -0.13225  -0.82500
   0.10113  -0.07348  -0.77500
   0.05057  -0.03672  -0.72500
   0.04045  -0.02940  -0.15000
   0.06067  -0.04408  -0.10000
   0.12135  -0.08817  -0.07500
   0.31350  -0.22777   0.02500
   0.46518  -0.33797   0.12500
   0.58653  -0.42615   0.22500
   0.67755  -0.49227   0.35000
   0.72812  -0.52900   0.45000
   0.78880  -0.57310   0.60000
   0.79890  -0.58045   0.70000
   0.80902  -0.58777   0.87500
   0.79890  -0.58045   0.90000
   0.78880  -0.57310   0.87500
   0.66575  -0.21630  -0.90000
   0.71330  -0.23178  -0.88125
   0.66575  -0.21630  -0.86250
   0.21400  -0.06953  -0.82500
   0.11887  -0.03862  -0.77500
   0.05945  -0.01932  -0.72500
   0.04755  -0.01545  -0.15000
   0.07132  -0.02317  -0.10000
   0.14265  -0.04635  -0.07500
   0.36852  -0.11975   0.02500
   0.54685  -0.17767   0.12500
   0.68953  -0.22402   0.22500
   0.79650  -0.25880   0.35000
   0.85595  -0.27812   0.45000
   0.92728  -0.30130   0.60000
   0.93918  -0.30515   0.70000
   0.95105  -0.30902   0.87500
   0.93918  -0.30515   0.90000
   0.92728  -0.30130   0.87500
     4  1     1     2    21    20
     4  1     2     3    22    21
     4  1     3     4    23    22
     4  1     4     5    24    23
     4  1     5     6    25    24
     4  1     6     7    26    25
     4  1     7     8    27    26
     4  1     8     9    28    27
     4  1     9    10    29    28
     4  1    10    11    30    29
     4  1    11    12    31    30
     4  1    12    13    32    31
     4  1    13    14    33    32
     4  1    14    15    34    33
     4  1    15    16    35    34
     4  1    16    17    36    35
     4  1    17    18    37    36
     4  1    18    19    38    37
     4  1    20    21    40    39
     4  1    21    22    41    40
     4  1    22    23    42    41
     4  1    23    24    43    42
     4  1    24    25    44    43
     4  1    25    26    45    44
     4  1    26    27    46    45
     4  1    27    28    47    46
     4  1    28    29    48    47
     4  1    29    30    49    48
     4  1    30    31    50    49
     4  1    31    32    51    50
     4  1    32    33    52    51
     4  1    33    34    53    52
     4  1    34    35    54    53
     4  1    35    36    55    54
     4  1    36    37    56    55
     4  1    37    38    57    56
     4  1    39    40    59    58
     4  1    40    41    60    59
     4  1    41    42    61    60
     4  1    42    43    62    61
     4  1    43    44    63    62
     4  1    44    45    64    63
     4  1    45    46    65    64
     4  1    46    47    66    65
     4  1    47    48    67    66
     4  1    48    49    68    67
     4  1    49    50    69    68
     4  1    50    51    70    69
     4  1    51    52    71    70
     4  1    52    53    72    71
     4  1    53    54    73    72
     4  1    54    55    74    73
     4  1    55    56    75    74
     4  1    56    57    76    75
     4  1    58    59    78    77
     4  1    59    60    79    78
     4  1    60    61    80    79
     4  1    61    62    81    80
     4  1    62    63    82    81
     4  1    63    64    83    82
     4  1    64    65    84    83
     4  1    65    66    85    84
     4  1    66    67    86    85
     4  1    67    68    87    86
     4  1    68    69    88    87
     4  1    69    70    89    88
     4  1    70    71    90    89
     4  1    71    72    91    90
     4  1    72    73    92    91
     4  1    73    74    93    92
     4  1    74    75    94    93
     4  1    75    76    95    94
     4  1    77    78    97    96
     4  1    78    79    98    97
     4  1    79    80    99    98
     4  1    80    81   100    99
     4  1    81    82   101   100
     4  1    82    83   102   101
     4  1    83    84   103   102
     4  1    84    85   104   103
     4  1    85    86   105   104
     4  1    86    87   106   105
     4  1    87    88   107   106
     4  1    88    89   108   107
     4  1    89    90   109   108
     4  1    90    91   110   109
     4  1    91    92   111   110
     4  1    92    93   112   111
     4  1    93    94   113   112
     4  1    94    95   114   113
     4  1    96    97   116   115
     4  1    97    98   117   116
     4  1    98    99   118   117
     4  1    99   100   119   118
     4  1   100   101   120   119
     4  1   101   102   121   120
     4  1   102   103   122   121
     4  1   103   104   123   122
     4  1   104   105   124   123
     4  1   105   106   125   124
     4  1   106   107   126   125
     4  1   107   108   127   126
     4  1   108   109   128   127
     4  1   109   110   129   128
     4  1   110   111   130   129
     4  1   111   112   131   130
     4  1   112   113   132   131
     4  1   113   114   133   132
     4  1   115   116   135   134
     4  1   116   117   136   135
     4  1   117   118   137   136
     4  1   118   119   138   137
     4  1   119   120   139   138
     4  1   120   121   140   139
     4  1   121   122   141   140
     4  1   122   123   142   141
     4  1   123   124   143   142
     4  1   124   125   144   143
     4  1   125   126   145   144
     4  1   126   127   146   145
     4  1   127   128   147   146
     4  1   128   129   148   147
     4  1   129   130   149   148
     4  1   130   131   150   149
     4  1   131   132   151   150
     4  1   132   133   152   151
     4  1   134   135   154   153
     4  1   135   136   155   154
     4  1   136   137   156   155
     4  1   137   138   157   156
     4  1   138   139   158   157
     4  1   139   140   159   158
     4  1   140   141   160   159
     4  1   141   142   161   160
     4  1   142   143   162   161
     4  1   143   144   163   162
     4  1   144   145   164   163
     4  1   145   146   165   164
     4  1   146   147   166   165
     4  1   147   148   167   166
     4  1   148   149   168   167
     4  1   149   150   169   168
     4  1   150   151   170   169
     4  1   151   152   171   170
     4  1   153   154   173   172
     4  1   154   155   174   173
     4  1   155   156   175   174
     4  1   156   157   176   175
     4  1   157   158   177   176
     4  1   158   159   178   177
     4  1   159   160   179   178
     4  1   160   161   180   179
     4  1   161   162   181   180
     4  1   162   163   182   181
     4  1   163   164   183   182
     4  1   164   165   184   183
     4  1   165   166   185   184
     4  1   166   167   186   185
     4  1   167   168   187   186
     4  1   168   169   188   187
     4  1   169   170   189   188
     4  1   170   171   190   189
     4  1   172   173   192   191
     4  1   173   174   193   192
     4  1   174   175   194   193
     4  1   175   176   195   194
     4  1   176   177   196   195
     4  1   177   178   197   196
     4  1   178   179   198   197
     4  1   179   180   199   198
     4  1   180   181   200   199
     4  1   181   182   201   200
     4  1   182   183   202   201
     4  1   183   184   203   202
     4  1   184   185   204   203
     4  1   185   186   205   204
     4  1   186   187   206   205
     4  1   187   188   207   206
     4  1   188   189   208   207
     4  1   189   190   209   208
     4  1   191   192   211   210
     4  1   192   193   212   211
     4  1   193   194   213   212
     4  1   194   195   214   213
     4  1   195   196   215   214
     4  1   196   197   216   215
     4  1   197   198   217   216
     4  1   198   199   218   217
     4  1   199   200   219   218
     4  1   200   201   220   219
     4  1   201   202   221   220
     4  1   202   203   222   221
     4  1   203   204   223   222
     4  1   204   205   224   223
     4  1   205   206   225   224
     4  1   206   207   226   225
     4  1   207   208   227   226
     4  1   208   209   228   227
     4  1   210   211   230   229
     4  1   211   212   231   230
     4  1   212   213   232   231
     4  1   213   214   233   232
     4  1   214   215   234   233
     4  1   215   216   235   234
     4  1   216   217   236   235
     4  1   217   218   237   236
     4  1   218   219   238   237
     4  1   219   220   239   238
     4  1   220   221   240   239
     4  1   221   222   241   240
     4  1   222   223   242   241
     4  1   223   224   243   242
     4  1   224   225   244   243
     4  1   225   226   245   244
     4  1   226   227   246   245
     4  1   227   228   247   246
     4  1   229   230   249   248
     4  1   230   231   250   249
     4  1   231   232   251   250
     4  1   232   233   252   251
     4  1   233   234   253   252
     4  1   234   235   254   253
     4  1   235   236   255   254
     4  1   236   237   256   255
     4  1   237   238   257   256
     4  1   238   239   258   257
     4  1   239   240   259   258
     4  1   240   241   260   259
     4  1   241   242   261   260
     4  1   242   243   262   261
     4  1   243   244   263   262
     4  1   244   245   264   263
     4  1   245   246   265   264
     4  1   246   247   266   265
     4  1   248   249   268   267
     4  1   249   250   269   268
     4  1   250   251   270   269
     4  1   251   252   271   270
     4  1   252   253   272   271
     4  1   253   254   273   272
     4  1   254   255   274   273
     4  1   255   256   275   274
     4  1   256   257   276   275
     4  1   257   258   277   276
     4  1   258   259   278   277
     4  1   259   260   279   278
     4  1   260   261   280   279
     4  1   261   262   281   280
     4  1   262   263   282   281
     4  1   263   264   283   282
     4  1   264   265   284   283
     4  1   265   266   285   284
     4  1   267   268   287   286
     4  1   268   269   288   287
     4  1   269   270   289   288
     4  1   270   271   290   289
     4  1   271   272   291   290
     4  1   272   273   292   291
     4  1   273   274   293   292
     4  1   274   275   294   293
     4  1   275   276   295   294
     4  1   276   277   296   295
     4  1   277   278   297   296
     4  1   278   279   298   297
     4  1   279   280   299   298
     4  1   280   281   300   299
     4  1   281   282   301   300
     4  1   282   283   302   301
     4  1   283   284   303   302
     4  1   284   285   304   303
     4  1   286   287   306   305
     4  1   287   288   307   306
     4  1   288   289   308   307
     4  1   289   290   309   308
     4  1   290   291   310   309
     4  1   291   292   311   310
     4  1   292   293   312   311
     4  1   293   294   313   312
     4  1   294   295   314   313
     4  1   295   296   315   314
     4  1   296   297   316   315
     4  1   297   298   317   316
     4  1   298   299   318   317
     4  1   299   300   319   318
     4  1   300   301   320   319
     4  1   301   302   321   320
     4  1   302   303   322   321
     4  1   303   304   323   322
     4  1   305   306   325   324
     4  1   306   307   326   325
     4  1   307   308   327   326
     4  1   308   309   328   327
     4  1   309   310   329   328
     4  1   310   311   330   329
     4  1   311   312   331   330
     4  1   312   313   332   331
     4  1   313   314   333   332
     4  1   314   315   334   333
     4  1   315   316   335   334
     4  1   316   317   336   335
     4  1   317   318   337   336
     4  1   318   319   338   337
     4  1   319   320   339   338
     4  1   320   321   340   339
     4  1   321   322   341   340
     4  1   322   323   342   341
     4  1   324   325   344   343
     4  1   325   326   345   344
     4  1   326   327   346   345
     4  1   327   328   347   346
     4  1   328   329   348   347
     4  1   329   330   349   348
     4  1   330   331   350   349
     4  1   331   332   351   350
     4  1   332   333   352   351
     4  1   333   334   353   352
     4  1   334   335   354   353
     4  1   335   336   355   354
     4  1   336   337   356   355
     4  1   337   338   357   356
     4  1   338   339   358   357
     4  1   339   340   359   358
     4  1   340   341   360   359
     4  1   341   342   361   360
     4  1   343   344   363   362
     4  1   344   345   364   363
     4  1   345   346   365   364
     4  1   346   347   366   365
     4  1   347   348   367   366
     4  1   348   349   368   367
     4  1   349   350   369   368
     4  1   350   351   370   369
     4  1   351   352   371   370
     4  1   352   353   372   371
     4  1   353   354   373   372
     4  1   354   355   374   373
     4  1   355   356   375   374
     4  1   356   357   376   375
     4  1   357   358   377   376
     4  1   358   359   378   377
     4  1   359   360   379   378
     4  1   360   361   380   379
     4  1   362   363     2     1
     4  1   363   364     3     2
     4  1   364   365     4     3
     4  1   365   366     5     4
     4  1   366   367     6     5
     4  1   367   368     7     6
     4  1   368   369     8     7
     4  1   369   370     9     8
     4  1   370   371    10     9
     4  1   371   372    11    10
     4  1   372   373    12    11
     4  1   373   374    13    12
     4  1   374   375    14    13
     4  1   375   376    15    14
     4  1   376   377    16    15
     4  1   377   378    17    16
     4  1   378   379    18    17
     4  1   379   380    19    18
