Mary Ellen Van Camp 09/27/86
3
  1  180  148  4  1
  0.800  0.900  0.300   0
  0.000  1.260  6.120
  0.600  1.440  6.120
  1.140  1.680  5.940
  1.680  2.160  5.640
  0.000  0.940  5.340
  0.600  1.080  5.320
  1.140  1.400  5.260
  1.720  1.900  5.060
  2.160  2.600  4.860
  0.000  0.820  4.520
  0.540  0.960  4.560
  1.200  1.260  4.580
  1.680  1.620  4.560
  2.120  2.160  4.260
  2.200  2.330  4.000
  2.400  2.940  4.260
  0.000  0.780  4.060
  0.540  1.260  3.780
  0.780  1.260  4.040
  1.240  1.260  4.080
  1.480  1.430  4.060
  1.700  1.800  3.880
  1.710  1.900  3.770
  2.180  2.280  3.720
  2.460  2.740  3.700
  2.460  3.360  3.700
  1.200  1.340  3.420
  1.500  1.560  3.420
  1.700  1.860  3.600
  0.000  0.240  3.360
  0.240  0.300  3.300
  0.420  0.940  3.170
  0.860  1.140  3.040
  1.400  1.440  3.000
  2.140  2.300  3.260
  2.380  2.720  3.060
  2.400  3.430  3.000
  0.000 -0.220  2.900
  0.340  0.100  2.840
  1.020  0.780  2.520
  1.560  1.040  2.410
  2.040  1.460  2.410
  2.300  2.000  2.500
  2.460  2.510  2.500
  2.460  3.400  2.500
  2.460  3.890  2.500
  0.000 -0.180  2.560
  0.340  0.060  2.700
  1.020  0.780  2.400
  1.600  1.010  2.020
  2.040  1.440  1.900
  2.320  1.990  1.900
  2.400  2.500  1.900
  2.400  3.240  1.900
  2.400  3.840  1.900
  0.000  0.120  1.800
  0.600  0.420  1.620
  0.840  0.720  1.440
  1.560  1.020  1.380
  1.920  1.380  1.380
  2.100  1.740  1.420
  2.220  2.260  1.440
  2.220  2.880  1.440
  2.220  3.480  1.440
  0.000  0.000  1.140
  0.600  0.300  1.280
  0.000  0.120  0.720
  0.600  0.300  0.780
  1.020  0.600  0.820
  1.440  0.960  0.820
  1.680  1.300  0.820
  1.880  1.640  0.820
  1.920  2.160  0.820
  1.920  2.760  0.820
  0.000  0.000  0.000
  0.540  0.140  0.000
  0.850  0.460  0.060
  1.040  0.830  0.160
  1.200  1.260  0.240
  1.580  1.560  0.330
  1.680  2.110  0.420
  0.180  0.840  4.020
  0.380  0.600  3.120
  0.600  0.480  2.720
  0.600  0.420  2.400
  0.000  0.140  2.280
  0.000  0.240  1.560
  0.600  0.420  1.520
  0.000  0.240  1.440
  0.600  0.420  1.440
  0.000  1.260  6.120
 -0.600  1.440  6.120
 -1.140  1.680  5.940
 -1.680  2.160  5.640
  0.000  0.940  5.340
 -0.600  1.080  5.320
 -1.140  1.400  5.260
 -1.720  1.900  5.060
 -2.160  2.600  4.860
  0.000  0.820  4.520
 -0.540  0.960  4.560
 -1.200  1.260  4.580
 -1.680  1.620  4.560
 -2.120  2.160  4.260
 -2.200  2.330  4.000
 -2.400  2.940  4.260
  0.000  0.780  4.060
 -0.540  1.260  3.780
 -0.780  1.260  4.040
 -1.240  1.260  4.080
 -1.480  1.430  4.060
 -1.700  1.800  3.880
 -1.710  1.900  3.770
 -2.180  2.280  3.720
 -2.460  2.740  3.700
 -2.460  3.360  3.700
 -1.200  1.340  3.420
 -1.500  1.560  3.420
 -1.700  1.860  3.600
  0.000  0.240  3.360
 -0.240  0.300  3.300
 -0.420  0.940  3.170
 -0.860  1.140  3.040
 -1.400  1.440  3.000
 -2.140  2.300  3.260
 -2.380  2.720  3.060
 -2.400  3.430  3.000
  0.000 -0.220  2.900
 -0.340  0.100  2.840
 -1.020  0.780  2.520
 -1.560  1.040  2.410
 -2.040  1.460  2.410
 -2.300  2.000  2.500
 -2.460  2.510  2.500
 -2.460  3.400  2.500
 -2.460  3.890  2.500
  0.000 -0.180  2.560
 -0.340  0.060  2.700
 -1.020  0.780  2.400
 -1.600  1.010  2.020
 -2.040  1.440  1.900
 -2.320  1.990  1.900
 -2.400  2.500  1.900
 -2.400  3.240  1.900
 -2.400  3.840  1.900
  0.000  0.120  1.800
 -0.600  0.420  1.620
 -0.840  0.720  1.440
 -1.560  1.020  1.380
 -1.920  1.380  1.380
 -2.100  1.740  1.420
 -2.220  2.260  1.440
 -2.220  2.880  1.440
 -2.220  3.480  1.440
  0.000  0.000  1.140
 -0.600  0.300  1.280
  0.000  0.120  0.720
 -0.600  0.300  0.780
 -1.020  0.600  0.820
 -1.440  0.960  0.820
 -1.680  1.300  0.820
 -1.880  1.640  0.820
 -1.920  2.160  0.820
 -1.920  2.760  0.820
  0.000  0.000  0.000
 -0.540  0.140  0.000
 -0.850  0.460  0.060
 -1.040  0.830  0.160
 -1.200  1.260  0.240
 -1.580  1.560  0.330
 -1.680  2.110  0.420
 -0.180  0.840  4.020
 -0.380  0.600  3.120
 -0.600  0.480  2.720
 -0.600  0.420  2.400
  0.000  0.140  2.280
  0.000  0.240  1.560
 -0.600  0.420  1.520
  0.000  0.240  1.440
 -0.600  0.420  1.440
  4  1    2    1    5    6
  4  1    3    2    6    7
  4  1    4    3    7    8
  3  1    9    4    8
  4  1    6    5   10   11
  4  1    7    6   11   12
  4  1    8    7   12   13
  4  1    9    8   13   14
  4  1   16    9   14   15
  4  1   11   10   17   18
  3  1   11   18   19
  4  1   12   11   19   20
  4  1   13   12   20   21
  4  1   14   13   21   22
  4  1   15   14   22   23
  3  1   15   23   24
  3  1   11   82   18
  4  1   16   15   24   25
  3  1   16   25   26
  4  1   82   17   30   31
  4  1   18   82   31   83
  3  1   18   83   32
  4  1   27   18   32   33
  4  1   28   27   33   34
  4  1   29   28   34   35
  4  1   23   29   35   24
  4  1   25   24   35   36
  4  1   26   25   36   37
  4  1   31   30   38   39
  4  1   83   31   39   84
  4  1   32   83   84   40
  4  1   33   32   40   41
  4  1   34   33   41   42
  4  1   35   34   42   43
  4  1   36   35   43   44
  4  1   37   36   44   45
  3  1   37   45   46
  4  1   39   38   47   48
  4  1   84   39   48   85
  4  1   40   84   85   49
  4  1   41   40   49   50
  4  1   42   41   50   51
  4  1   43   42   51   52
  4  1   44   43   52   53
  4  1   45   44   53   54
  4  1   46   45   54   55
  4  1   48   47   86   85
  4  1   85   86   56   57
  4  1   49   85   57   58
  4  1   50   49   58   59
  4  1   51   50   59   60
  4  1   52   51   60   61
  4  1   53   52   61   62
  4  1   54   53   62   63
  4  1   55   54   63   64
  4  1   66   65   67   68
  4  1   58   66   68   69
  4  1   59   58   69   70
  4  1   60   59   70   71
  4  1   61   60   71   72
  4  1   62   61   72   73
  4  1   63   62   73   74
  3  1   64   63   74
  4  1   68   67   75   76
  4  1   69   68   76   77
  4  1   70   69   77   78
  4  1   71   70   78   79
  4  1   72   71   79   80
  4  1   73   72   80   81
  3  1   74   73   81
  4  1   57   56   87   88
  3  1   58   57   88
  4  1   90   89   65   66
  3  1   58   90   66
  4  1   96    5    1   92
  4  1   97   96   92   93
  4  1   98   97   93   94
  3  1   98   94   99
  4  1  101   10    5   96
  4  1  102  101   96   97
  4  1  103  102   97   98
  4  1  104  103   98   99
  4  1  105  104   99  106
  4  1  108   17   10  101
  3  1  109  108  101
  4  1  110  109  101  102
  4  1  111  110  102  103
  4  1  112  111  103  104
  4  1  113  112  104  105
  3  1  114  113  105
  3  1  108  172  101
  4  1  115  114  105  106
  3  1  116  115  106
  4  1  121   30   17  172
  4  1  173  121  172  108
  3  1  122  173  108
  4  1  123  122  108  117
  4  1  124  123  117  118
  4  1  125  124  118  119
  4  1  114  125  119  113
  4  1  126  125  114  115
  4  1  127  126  115  116
  4  1  129   38   30  121
  4  1  174  129  121  173
  4  1  130  174  173  122
  4  1  131  130  122  123
  4  1  132  131  123  124
  4  1  133  132  124  125
  4  1  134  133  125  126
  4  1  135  134  126  127
  3  1  136  135  127
  4  1  138   47   38  129
  4  1  175  138  129  174
  4  1  139  175  174  130
  4  1  140  139  130  131
  4  1  141  140  131  132
  4  1  142  141  132  133
  4  1  143  142  133  134
  4  1  144  143  134  135
  4  1  145  144  135  136
  4  1  175   86   47  138
  4  1  147   56   86  175
  4  1  148  147  175  139
  4  1  149  148  139  140
  4  1  150  149  140  141
  4  1  151  150  141  142
  4  1  152  151  142  143
  4  1  153  152  143  144
  4  1  154  153  144  145
  4  1  158   67   65  156
  4  1  159  158  156  148
  4  1  160  159  148  149
  4  1  161  160  149  150
  4  1  162  161  150  151
  4  1  163  162  151  152
  4  1  164  163  152  153
  3  1  164  153  154
  4  1  166   75   67  158
  4  1  167  166  158  159
  4  1  168  167  159  160
  4  1  169  168  160  161
  4  1  170  169  161  162
  4  1  171  170  162  163
  3  1  171  163  164
  4  1  178   87   56  147
  3  1  178  147  148
  4  1  156   65   89  180
  3  1  156  180  148
