mushroom
4
1 226 240 4 2
1. 1. 0. 1. .1
           0      0.47166 0
    0.246229     0.459663  -0.00691909
    0.451282     0.380737   -0.0126811
    0.587984     0.289183   -0.0165221
    0.695863     0.205838    -0.019554
    0.686805     0.133226    -0.019299
    0.643983     0.082083    -0.018096
    0.485869     0.097236    -0.013653
    0.226464     0.140172  -0.00636403
     0.06341     0.107339  -0.00178202
    0.059293    -0.023362    -0.001666
    0.162231    -0.244985  -0.00455895
    0.216582    -0.399048  -0.00608592
    0.168819    -0.452717  -0.00474391
    0.098821      -0.4584  -0.00277691
           0    -0.455243  0
    0.207595     0.459663    0.0958779
    0.380476     0.380737     0.175722
     0.49573     0.289183     0.228952
    0.586683     0.205838     0.270959
    0.579045     0.133226     0.267431
    0.542942    0.0820831     0.250757
    0.409636    0.0972361      0.18919
    0.190932     0.140172     0.088182
    0.053461     0.107339     0.024691
     0.04999    -0.023362     0.023088
    0.136777    -0.244985    0.0631701
    0.182601    -0.399048    0.0843341
    0.142331    -0.452717    0.0657361
    0.083316      -0.4584    0.0384791
    0.142896     0.459663     0.142087
    0.261897     0.380737     0.260413
    0.341231     0.289183     0.339298
    0.403838     0.205838      0.40155
    0.398581     0.133226     0.396322
    0.373729    0.0820831     0.371612
    0.281969    0.0972361     0.280372
    0.131426     0.140172     0.130682
    0.036799     0.107339     0.036591
     0.03441    -0.023362     0.034215
    0.094149    -0.244985    0.0936161
    0.125691    -0.399048     0.124979
    0.097972    -0.452717    0.0974171
     0.05735      -0.4584    0.0570251
    0.064001     0.459663     0.223138
    0.117299     0.380737     0.408962
    0.152831     0.289183     0.532845
    0.180872     0.205838     0.630607
    0.178517     0.133226     0.622398
    0.167387    0.0820832     0.583592
    0.126289    0.0972361     0.440306
    0.058864     0.140172     0.205227
    0.016482     0.107339     0.057464
    0.015412    -0.023362     0.053732
    0.042168    -0.244985     0.147017
    0.056295    -0.399048     0.196272
     0.04388    -0.452717     0.152988
    0.025686      -0.4584    0.0895541
           0     0.459663     0.271818
           0     0.380737     0.498182
           0     0.289183     0.649091
           0     0.205838     0.768182
           0     0.133226     0.758182
           0    0.0820832     0.710909
           0    0.0972361     0.536364
           0     0.140172         0.25
           0     0.107339         0.07
           0    -0.023362     0.065455
           0    -0.244985     0.179091
           0    -0.399048     0.239091
           0    -0.452717     0.186364
           0      -0.4584     0.109091
   -0.097968     0.459663     0.251127
   -0.179554     0.380737      0.46026
   -0.233944     0.289183     0.599682
   -0.276867     0.205838     0.709707
   -0.273263     0.133226     0.700469
   -0.256225    0.0820832     0.656794
   -0.193315    0.0972361     0.495535
   -0.090105     0.140172      0.23097
   -0.025229     0.107339     0.064672
   -0.023591    -0.023362     0.060472
   -0.064548    -0.244985     0.165458
   -0.086173    -0.399048     0.220891
   -0.067169    -0.452717     0.172178
   -0.039318      -0.4584     0.100787
   -0.161049     0.459663     0.180883
   -0.295167     0.380737     0.331517
   -0.384579     0.289183      0.43194
   -0.455139     0.205838      0.51119
   -0.449215     0.133226     0.504536
   -0.421206    0.0820831     0.473078
    -0.31779    0.0972361     0.356926
   -0.148122     0.140172     0.166364
   -0.041474     0.107339     0.046582
   -0.038781    -0.023362     0.043557
   -0.106109    -0.244985     0.119177
   -0.141659    -0.399048     0.159104
   -0.110418    -0.452717     0.124017
   -0.064635      -0.4584    0.0725951
   -0.201079     0.459663     0.110951
   -0.368533     0.380737     0.203349
   -0.480169     0.289183     0.264947
   -0.568267     0.205838     0.313558
   -0.560869     0.133226     0.309476
   -0.525899    0.0820831      0.29018
   -0.396778    0.0972361     0.218934
   -0.184939     0.140172     0.102045
   -0.051783     0.107339     0.028573
    -0.04842    -0.023362     0.026717
   -0.132483    -0.244985    0.0731021
   -0.176869    -0.399048    0.0975931
   -0.137864    -0.452717    0.0760701
   -0.080701      -0.4584    0.0445291
   -0.215974     0.459663    0.0207569
   -0.395831     0.380737    0.0380429
   -0.515736     0.289183     0.049567
    -0.61036     0.205838     0.058661
   -0.602415     0.133226     0.057898
   -0.564854     0.082083     0.054288
   -0.426169    0.0972361     0.040959
   -0.198638     0.140172     0.019091
   -0.055619     0.107339   0.00534498
   -0.052007    -0.023362   0.00499801
   -0.142297    -0.244985    0.0136761
    -0.18997    -0.399048    0.0182581
   -0.148076    -0.452717    0.0142311
   -0.086678      -0.4584   0.00833109
   -0.210854     0.459663   -0.0931601
   -0.386447     0.380737    -0.170741
    -0.50351     0.289183    -0.222461
   -0.595891     0.205838    -0.263277
   -0.588134     0.133226     -0.25985
   -0.551463     0.082083    -0.243648
   -0.416066     0.097236    -0.183826
   -0.193929     0.140172   -0.0856821
     -0.0543     0.107339    -0.023991
   -0.050774    -0.023362    -0.022433
   -0.138924    -0.244985    -0.061379
   -0.185467    -0.399048    -0.081943
   -0.144565    -0.452717   -0.0638719
   -0.084624      -0.4584   -0.0373879
   -0.181022     0.459663    -0.192204
   -0.331772     0.380737    -0.352268
   -0.432273     0.289183    -0.458976
   -0.511583     0.205838    -0.543186
   -0.504923     0.133226    -0.536115
   -0.473441    0.0820829    -0.502688
     -0.3572     0.097236    -0.379266
   -0.166492     0.140172    -0.176777
   -0.046618     0.107339    -0.049497
   -0.043591    -0.023362    -0.046283
   -0.119268    -0.244985    -0.126636
   -0.159226    -0.399048    -0.169063
   -0.124112    -0.452717    -0.131779
   -0.072651      -0.4584   -0.0771389
   -0.099841     0.459663    -0.231293
   -0.182987     0.380737    -0.423907
   -0.238417     0.289183    -0.552317
    -0.28216     0.205838    -0.653653
   -0.278487     0.133226    -0.645144
   -0.261123    0.0820829    -0.604919
   -0.197011     0.097236    -0.456397
   -0.091827     0.140172    -0.212727
   -0.025712     0.107339    -0.059564
   -0.024042    -0.023362    -0.055696
   -0.065782    -0.244985     -0.15239
    -0.08782    -0.399048    -0.203445
   -0.068453    -0.452717    -0.158579
    -0.04007      -0.4584   -0.0928259
           0     0.459663    -0.236729
           0     0.380737    -0.433871
           0     0.289183    -0.565299
           0     0.205838    -0.669017
           0     0.133226    -0.660307
           0    0.0820829    -0.619137
           0    0.0972359    -0.467124
           0     0.140172    -0.217727
           0     0.107339    -0.060964
           0    -0.023362    -0.057005
           0    -0.244985    -0.155972
           0    -0.399048    -0.208226
           0    -0.452717    -0.162306
           0      -0.4584   -0.0950079
    0.082387     0.459663    -0.203864
    0.150996     0.380737    -0.373636
    0.196736     0.289183    -0.486818
    0.232831     0.205838    -0.576136
    0.229801     0.133226    -0.568636
    0.215472    0.0820829    -0.533182
    0.162569     0.097236    -0.402273
    0.075774     0.140172      -0.1875
    0.021217     0.107339      -0.0525
    0.019839    -0.023362    -0.049091
    0.054281    -0.244985    -0.134318
    0.072467    -0.399048    -0.179318
    0.056486    -0.452717    -0.139773
    0.033065      -0.4584   -0.0818179
    0.171522     0.459663    -0.165809
    0.314362     0.380737    -0.303891
    0.409588     0.289183    -0.395945
    0.484737     0.205838    -0.468591
    0.478427     0.133226    -0.462491
    0.448597    0.0820829    -0.433655
    0.338455     0.097236    -0.327182
    0.157755     0.140172      -0.1525
    0.044171     0.107339      -0.0427
    0.041303    -0.023362    -0.039927
     0.11301    -0.244985    -0.109245
    0.150871    -0.399048    -0.145845
    0.117599    -0.452717    -0.113682
    0.068838      -0.4584   -0.0665449
    0.236516     0.459663     -0.10402
    0.433481     0.380737    -0.190646
    0.564791     0.289183    -0.248396
    0.668416     0.205838     -0.29397
    0.659714     0.133226    -0.290143
    0.618581     0.082083    -0.272053
    0.466704     0.097236    -0.205257
    0.217532     0.140172   -0.0956711
    0.060909     0.107339    -0.026788
    0.056954    -0.023362    -0.025048
    0.155832    -0.244985    -0.068535
    0.208039    -0.399048    -0.091496
     0.16216    -0.452717   -0.0713179
    0.094923      -0.4584   -0.0417469
3 	1	     1     2    17
4	1	     2     3    18    17
4	1	     3     4    19    18
4	1	     4     5    20    19
4	1	     5     6    21    20
4	1	     6     7    22    21
4	1	     7     8    23    22
4	1	     8     9    24    23
4	1	     9    10    25    24
4	1	    10    11    26    25
4	1	    11    12    27    26
4	1	    12    13    28    27
4	1	    13    14    29    28
4	1	    14    15    30    29
3 	1	    15    16    30
3 	1	     1    17    31
4	1	    17    18    32    31
4	1	    18    19    33    32
4	1	    19    20    34    33
4	1	    20    21    35    34
4	1	    21    22    36    35
4	1	    22    23    37    36
4	1	    23    24    38    37
4	1	    24    25    39    38
4	1	    25    26    40    39
4	1	    26    27    41    40
4	1	    27    28    42    41
4	1	    28    29    43    42
4	1	    29    30    44    43
3 	1	    30    16    44
3 	1	     1    31    45
4	1	    31    32    46    45
4	1	    32    33    47    46
4	1	    33    34    48    47
4	1	    34    35    49    48
4	1	    35    36    50    49
4	1	    36    37    51    50
4	1	    37    38    52    51
4	1	    38    39    53    52
4	1	    39    40    54    53
4	1	    40    41    55    54
4	1	    41    42    56    55
4	1	    42    43    57    56
4	1	    43    44    58    57
3 	1	    44    16    58
3 	1	     1    45    59
4	1	    45    46    60    59
4	1	    46    47    61    60
4	1	    47    48    62    61
4	1	    48    49    63    62
4	1	    49    50    64    63
4	1	    50    51    65    64
4	1	    51    52    66    65
4	1	    52    53    67    66
4	1	    53    54    68    67
4	1	    54    55    69    68
4	1	    55    56    70    69
4	1	    56    57    71    70
4	1	    57    58    72    71
3 	1	    58    16    72
3 	1	     1    59    73
4	1	    59    60    74    73
4	1	    60    61    75    74
4	1	    61    62    76    75
4	1	    62    63    77    76
4	1	    63    64    78    77
4	1	    64    65    79    78
4	1	    65    66    80    79
4	1	    66    67    81    80
4	1	    67    68    82    81
4	1	    68    69    83    82
4	1	    69    70    84    83
4	1	    70    71    85    84
4	1	    71    72    86    85
3 	1	    72    16    86
3 	1	     1    73    87
4	1	    73    74    88    87
4	1	    74    75    89    88
4	1	    75    76    90    89
4	1	    76    77    91    90
4	1	    77    78    92    91
4	1	    78    79    93    92
4	1	    79    80    94    93
4	1	    80    81    95    94
4	1	    81    82    96    95
4	1	    82    83    97    96
4	1	    83    84    98    97
4	1	    84    85    99    98
4	1	    85    86   100    99
3 	1	    86    16   100
3 	1	     1    87   101
4	1	    87    88   102   101
4	1	    88    89   103   102
4	1	    89    90   104   103
4	1	    90    91   105   104
4	1	    91    92   106   105
4	1	    92    93   107   106
4	1	    93    94   108   107
4	1	    94    95   109   108
4	1	    95    96   110   109
4	1	    96    97   111   110
4	1	    97    98   112   111
4	1	    98    99   113   112
4	1	    99   100   114   113
3 	1	   100    16   114
3 	1	     1   101   115
4	1	   101   102   116   115
4	1	   102   103   117   116
4	1	   103   104   118   117
4	1	   104   105   119   118
4	1	   105   106   120   119
4	1	   106   107   121   120
4	1	   107   108   122   121
4	1	   108   109   123   122
4	1	   109   110   124   123
4	1	   110   111   125   124
4	1	   111   112   126   125
4	1	   112   113   127   126
4	1	   113   114   128   127
3 	1	   114    16   128
3 	1	     1   115   129
4	1	   115   116   130   129
4	1	   116   117   131   130
4	1	   117   118   132   131
4	1	   118   119   133   132
4	1	   119   120   134   133
4	1	   120   121   135   134
4	1	   121   122   136   135
4	1	   122   123   137   136
4	1	   123   124   138   137
4	1	   124   125   139   138
4	1	   125   126   140   139
4	1	   126   127   141   140
4	1	   127   128   142   141
3 	1	   128    16   142
3 	1	     1   129   143
4	1	   129   130   144   143
4	1	   130   131   145   144
4	1	   131   132   146   145
4	1	   132   133   147   146
4	1	   133   134   148   147
4	1	   134   135   149   148
4	1	   135   136   150   149
4	1	   136   137   151   150
4	1	   137   138   152   151
4	1	   138   139   153   152
4	1	   139   140   154   153
4	1	   140   141   155   154
4	1	   141   142   156   155
3 	1	   142    16   156
3 	1	     1   143   157
4	1	   143   144   158   157
4	1	   144   145   159   158
4	1	   145   146   160   159
4	1	   146   147   161   160
4	1	   147   148   162   161
4	1	   148   149   163   162
4	1	   149   150   164   163
4	1	   150   151   165   164
4	1	   151   152   166   165
4	1	   152   153   167   166
4	1	   153   154   168   167
4	1	   154   155   169   168
4	1	   155   156   170   169
3 	1	   156    16   170
3 	1	     1   157   171
4	1	   157   158   172   171
4	1	   158   159   173   172
4	1	   159   160   174   173
4	1	   160   161   175   174
4	1	   161   162   176   175
4	1	   162   163   177   176
4	1	   163   164   178   177
4	1	   164   165   179   178
4	1	   165   166   180   179
4	1	   166   167   181   180
4	1	   167   168   182   181
4	1	   168   169   183   182
4	1	   169   170   184   183
3 	1	   170    16   184
3 	1	     1   171   185
4	1	   171   172   186   185
4	1	   172   173   187   186
4	1	   173   174   188   187
4	1	   174   175   189   188
4	1	   175   176   190   189
4	1	   176   177   191   190
4	1	   177   178   192   191
4	1	   178   179   193   192
4	1	   179   180   194   193
4	1	   180   181   195   194
4	1	   181   182   196   195
4	1	   182   183   197   196
4	1	   183   184   198   197
3 	1	   184    16   198
3 	1	     1   185   199
4	1	   185   186   200   199
4	1	   186   187   201   200
4	1	   187   188   202   201
4	1	   188   189   203   202
4	1	   189   190   204   203
4	1	   190   191   205   204
4	1	   191   192   206   205
4	1	   192   193   207   206
4	1	   193   194   208   207
4	1	   194   195   209   208
4	1	   195   196   210   209
4	1	   196   197   211   210
4	1	   197   198   212   211
3 	1	   198    16   212
3 	1	     1   199   213
4	1	   199   200   214   213
4	1	   200   201   215   214
4	1	   201   202   216   215
4	1	   202   203   217   216
4	1	   203   204   218   217
4	1	   204   205   219   218
4	1	   205   206   220   219
4	1	   206   207   221   220
4	1	   207   208   222   221
4	1	   208   209   223   222
4	1	   209   210   224   223
4	1	   210   211   225   224
4	1	   211   212   226   225
3 	1	   212    16   226
3 	1	     1   213     2
4	1	   213   214     3     2
4	1	   214   215     4     3
4	1	   215   216     5     4
4	1	   216   217     6     5
4	1	   217   218     7     6
4	1	   218   219     8     7
4	1	   219   220     9     8
4	1	   220   221    10     9
4	1	   221   222    11    10
4	1	   222   223    12    11
4	1	   223   224    13    12
4	1	   224   225    14    13
4	1	   225   226    15    14
3 	1	   226    16    15
