PARABOLA TEST
 2
 1  441  400  0  4  2
 1  1  3
-1 -1  2
-1 -.9  1.81 
-1 -.8  1.64 
-1 -.7  1.49 
-1 -.6  1.36 
-1 -.5  1.25 
-1 -.4  1.16 
-1 -.3  1.09 
-1 -.2  1.04 
-1 -.1  1.01 
-1  0  1 
-1  .1  1.01 
-1  .2  1.04 
-1  .3  1.09 
-1  .4  1.16 
-1  .5  1.25 
-1  .6  1.36 
-1  .7  1.49 
-1  .8  1.64 
-1  .9  1.81 
-1  1  2 
-.9 -1  1.81 
-.9 -.9  1.62 
-.9 -.8  1.45 
-.9 -.7  1.3 
-.9 -.6  1.17 
-.9 -.5  1.06 
-.9 -.4  .97 
-.9 -.3  .9 
-.9 -.2  .85 
-.9 -.1  .82 
-.9  0  .81 
-.9  .1  .82 
-.9  .2  .85 
-.9  .3  .9 
-.9  .4  .97 
-.9  .5  1.06 
-.9  .6  1.17 
-.9  .7  1.3 
-.9  .8  1.45 
-.9  .9  1.62 
-.9  1  1.81 
-.8 -1  1.64 
-.8 -.9  1.45 
-.8 -.8  1.28 
-.8 -.7  1.13 
-.8 -.6  1 
-.8 -.5  .89 
-.8 -.4  .8 
-.8 -.3  .73 
-.8 -.2  .68 
-.8 -.1  .65 
-.8  0  .64 
-.8  .1  .65 
-.8  .2  .68 
-.8  .3  .73 
-.8  .4  .8 
-.8  .5  .89 
-.8  .6  1 
-.8  .7  1.13 
-.8  .8  1.28 
-.8  .9  1.45 
-.8  1  1.64 
-.7 -1  1.49 
-.7 -.9  1.3 
-.7 -.8  1.13 
-.7 -.7  .98 
-.7 -.6  .85 
-.7 -.5  .74 
-.7 -.4  .65 
-.7 -.3  .58 
-.7 -.2  .53 
-.7 -.1  .5 
-.7  0  .49 
-.7  .1  .5 
-.7  .2  .53 
-.7  .3  .58 
-.7  .4  .65 
-.7  .5  .74 
-.7  .6  .85 
-.7  .7  .98 
-.7  .8  1.13 
-.7  .9  1.3 
-.7  1  1.49 
-.6 -1  1.36 
-.6 -.9  1.17 
-.6 -.8  1 
-.6 -.7  .85 
-.6 -.6  .72 
-.6 -.5  .61 
-.6 -.4  .52 
-.6 -.3  .45 
-.6 -.2  .4 
-.6 -.1  .37 
-.6  0  .36 
-.6  .1  .37 
-.6  .2  .4 
-.6  .3  .45 
-.6  .4  .52 
-.6  .5  .61 
-.6  .6  .72 
-.6  .7  .85 
-.6  .8  1 
-.6  .9  1.17 
-.6  1  1.36 
-.5 -1  1.25 
-.5 -.9  1.06 
-.5 -.8  .89 
-.5 -.7  .74 
-.5 -.6  .61 
-.5 -.5  .5 
-.5 -.4  .41 
-.5 -.3  .34 
-.5 -.2  .29 
-.5 -.1  .26 
-.5  0  .25 
-.5  .1  .26 
-.5  .2  .29 
-.5  .3  .34 
-.5  .4  .41 
-.5  .5  .5 
-.5  .6  .61 
-.5  .7  .74 
-.5  .8  .89 
-.5  .9  1.06 
-.5  1  1.25 
-.4 -1  1.16 
-.4 -.9  .97 
-.4 -.8  .8 
-.4 -.7  .65 
-.4 -.6  .52 
-.4 -.5  .41 
-.4 -.4  .32 
-.4 -.3  .25 
-.4 -.2  .2 
-.4 -.1  .17 
-.4  0  .16 
-.4  .1  .17 
-.4  .2  .2 
-.4  .3  .25 
-.4  .4  .32 
-.4  .5  .41 
-.4  .6  .52 
-.4  .7  .65 
-.4  .8  .8 
-.4  .9  .97 
-.4  1  1.16 
-.3 -1  1.09 
-.3 -.9  .9 
-.3 -.8  .73 
-.3 -.7  .58 
-.3 -.6  .45 
-.3 -.5  .34 
-.3 -.4  .25 
-.3 -.3  .18 
-.3 -.2  .13 
-.3 -.1  .1 
-.3  0  .09 
-.3  .1  .1 
-.3  .2  .13 
-.3  .3  .18 
-.3  .4  .25 
-.3  .5  .34 
-.3  .6  .45 
-.3  .7  .58 
-.3  .8  .73 
-.3  .9  .9 
-.3  1  1.09 
-.2 -1  1.04 
-.2 -.9  .85 
-.2 -.8  .68 
-.2 -.7  .53 
-.2 -.6  .4 
-.2 -.5  .29 
-.2 -.4  .2 
-.2 -.3  .13 
-.2 -.2  .08 
-.2 -.1  .05 
-.2  0  .04 
-.2  .1  .05 
-.2  .2  .08 
-.2  .3  .13 
-.2  .4  .2 
-.2  .5  .29 
-.2  .6  .4 
-.2  .7  .53 
-.2  .8  .68 
-.2  .9  .85 
-.2  1  1.04 
-.1 -1  1.01 
-.1 -.9  .82 
-.1 -.8  .65 
-.1 -.7  .5 
-.1 -.6  .37 
-.1 -.5  .26 
-.1 -.4  .17 
-.1 -.3  .1 
-.1 -.2  .05 
-.1 -.1  .02 
-.1  0  .01 
-.1  .1  .02 
-.1  .2  .05 
-.1  .3  .1 
-.1  .4  .17 
-.1  .5  .26 
-.1  .6  .37 
-.1  .7  .5 
-.1  .8  .65 
-.1  .9  .82 
-.1  1  1.01 
 0 -1  1 
 0 -.9  .81 
 0 -.8  .64 
 0 -.7  .49 
 0 -.6  .36 
 0 -.5  .25 
 0 -.4  .16 
 0 -.3  .09 
 0 -.2  .04 
 0 -.1  .01 
 0  0  0 
 0  .1  .01 
 0  .2  .04 
 0  .3  .09 
 0  .4  .16 
 0  .5  .25 
 0  .6  .36 
 0  .7  .49 
 0  .8  .64 
 0  .9  .81 
 0  1  1 
 .1 -1  1.01 
 .1 -.9  .82 
 .1 -.8  .65 
 .1 -.7  .5 
 .1 -.6  .37 
 .1 -.5  .26 
 .1 -.4  .17 
 .1 -.3  .1 
 .1 -.2  .05 
 .1 -.1  .02 
 .1  0  .01 
 .1  .1  .02 
 .1  .2  .05 
 .1  .3  .1 
 .1  .4  .17 
 .1  .5  .26 
 .1  .6  .37 
 .1  .7  .5 
 .1  .8  .65 
 .1  .9  .82 
 .1  1  1.01 
 .2 -1  1.04 
 .2 -.9  .85 
 .2 -.8  .68 
 .2 -.7  .53 
 .2 -.6  .4 
 .2 -.5  .29 
 .2 -.4  .2 
 .2 -.3  .13 
 .2 -.2  .08 
 .2 -.1  .05 
 .2  0  .04 
 .2  .1  .05 
 .2  .2  .08 
 .2  .3  .13 
 .2  .4  .2 
 .2  .5  .29 
 .2  .6  .4 
 .2  .7  .53 
 .2  .8  .68 
 .2  .9  .85 
 .2  1  1.04 
 .3 -1  1.09 
 .3 -.9  .9 
 .3 -.8  .73 
 .3 -.7  .58 
 .3 -.6  .45 
 .3 -.5  .34 
 .3 -.4  .25 
 .3 -.3  .18 
 .3 -.2  .13 
 .3 -.1  .1 
 .3  0  .09 
 .3  .1  .1 
 .3  .2  .13 
 .3  .3  .18 
 .3  .4  .25 
 .3  .5  .34 
 .3  .6  .45 
 .3  .7  .58 
 .3  .8  .73 
 .3  .9  .9 
 .3  1  1.09 
 .4 -1  1.16 
 .4 -.9  .97 
 .4 -.8  .8 
 .4 -.7  .65 
 .4 -.6  .52 
 .4 -.5  .41 
 .4 -.4  .32 
 .4 -.3  .25 
 .4 -.2  .2 
 .4 -.1  .17 
 .4  0  .16 
 .4  .1  .17 
 .4  .2  .2 
 .4  .3  .25 
 .4  .4  .32 
 .4  .5  .41 
 .4  .6  .52 
 .4  .7  .65 
 .4  .8  .8 
 .4  .9  .97 
 .4  1  1.16 
 .5 -1  1.25 
 .5 -.9  1.06 
 .5 -.8  .89 
 .5 -.7  .74 
 .5 -.6  .61 
 .5 -.5  .5 
 .5 -.4  .41 
 .5 -.3  .34 
 .5 -.2  .29 
 .5 -.1  .26 
 .5  0  .25 
 .5  .1  .26 
 .5  .2  .29 
 .5  .3  .34 
 .5  .4  .41 
 .5  .5  .5 
 .5  .6  .61 
 .5  .7  .74 
 .5  .8  .89 
 .5  .9  1.06 
 .5  1  1.25 
 .6 -1  1.36 
 .6 -.9  1.17 
 .6 -.8  1 
 .6 -.7  .85 
 .6 -.6  .72 
 .6 -.5  .61 
 .6 -.4  .52 
 .6 -.3  .45 
 .6 -.2  .4 
 .6 -.1  .37 
 .6  0  .36 
 .6  .1  .37 
 .6  .2  .4 
 .6  .3  .45 
 .6  .4  .52 
 .6  .5  .61 
 .6  .6  .72 
 .6  .7  .85 
 .6  .8  1 
 .6  .9  1.17 
 .6  1  1.36 
 .7 -1  1.49 
 .7 -.9  1.3 
 .7 -.8  1.13 
 .7 -.7  .98 
 .7 -.6  .85 
 .7 -.5  .74 
 .7 -.4  .65 
 .7 -.3  .58 
 .7 -.2  .53 
 .7 -.1  .5 
 .7  0  .49 
 .7  .1  .5 
 .7  .2  .53 
 .7  .3  .58 
 .7  .4  .65 
 .7  .5  .74 
 .7  .6  .85 
 .7  .7  .98 
 .7  .8  1.13 
 .7  .9  1.3 
 .7  1  1.49 
 .8 -1  1.64 
 .8 -.9  1.45 
 .8 -.8  1.28 
 .8 -.7  1.13 
 .8 -.6  1 
 .8 -.5  .89 
 .8 -.4  .8 
 .8 -.3  .73 
 .8 -.2  .68 
 .8 -.1  .65 
 .8  0  .64 
 .8  .1  .65 
 .8  .2  .68 
 .8  .3  .73 
 .8  .4  .8 
 .8  .5  .89 
 .8  .6  1 
 .8  .7  1.13 
 .8  .8  1.28 
 .8  .9  1.45 
 .8  1  1.64 
 .9 -1  1.81 
 .9 -.9  1.62 
 .9 -.8  1.45 
 .9 -.7  1.3 
 .9 -.6  1.17 
 .9 -.5  1.06 
 .9 -.4  .97 
 .9 -.3  .9 
 .9 -.2  .85 
 .9 -.1  .82 
 .9  0  .81 
 .9  .1  .82 
 .9  .2  .85 
 .9  .3  .9 
 .9  .4  .97 
 .9  .5  1.06 
 .9  .6  1.17 
 .9  .7  1.3 
 .9  .8  1.45 
 .9  .9  1.62 
 .9  1  1.81 
 1 -1  2 
 1 -.9  1.81 
 1 -.8  1.64 
 1 -.7  1.49 
 1 -.6  1.36 
 1 -.5  1.25 
 1 -.4  1.16 
 1 -.3  1.09 
 1 -.2  1.04 
 1 -.1  1.01 
 1  0  1 
 1  .1  1.01 
 1  .2  1.04 
 1  .3  1.09 
 1  .4  1.16 
 1  .5  1.25 
 1  .6  1.36 
 1  .7  1.49 
 1  .8  1.64 
 1  .9  1.81 
 1  1  2 
 4  1  1  2  23  22 
 4  1  2  3  24  23 
 4  1  3  4  25  24 
 4  1  4  5  26  25 
 4  1  5  6  27  26 
 4  1  6  7  28  27 
 4  1  7  8  29  28 
 4  1  8  9  30  29 
 4  1  9  10  31  30 
 4  1  10  11  32  31 
 4  1  11  12  33  32 
 4  1  12  13  34  33 
 4  1  13  14  35  34 
 4  1  14  15  36  35 
 4  1  15  16  37  36 
 4  1  16  17  38  37 
 4  1  17  18  39  38 
 4  1  18  19  40  39 
 4  1  19  20  41  40 
 4  1  20  21  42  41 
 4  1  22  23  44  43 
 4  1  23  24  45  44 
 4  1  24  25  46  45 
 4  1  25  26  47  46 
 4  1  26  27  48  47 
 4  1  27  28  49  48 
 4  1  28  29  50  49 
 4  1  29  30  51  50 
 4  1  30  31  52  51 
 4  1  31  32  53  52 
 4  1  32  33  54  53 
 4  1  33  34  55  54 
 4  1  34  35  56  55 
 4  1  35  36  57  56 
 4  1  36  37  58  57 
 4  1  37  38  59  58 
 4  1  38  39  60  59 
 4  1  39  40  61  60 
 4  1  40  41  62  61 
 4  1  41  42  63  62 
 4  1  43  44  65  64 
 4  1  44  45  66  65 
 4  1  45  46  67  66 
 4  1  46  47  68  67 
 4  1  47  48  69  68 
 4  1  48  49  70  69 
 4  1  49  50  71  70 
 4  1  50  51  72  71 
 4  1  51  52  73  72 
 4  1  52  53  74  73 
 4  1  53  54  75  74 
 4  1  54  55  76  75 
 4  1  55  56  77  76 
 4  1  56  57  78  77 
 4  1  57  58  79  78 
 4  1  58  59  80  79 
 4  1  59  60  81  80 
 4  1  60  61  82  81 
 4  1  61  62  83  82 
 4  1  62  63  84  83 
 4  1  64  65  86  85 
 4  1  65  66  87  86 
 4  1  66  67  88  87 
 4  1  67  68  89  88 
 4  1  68  69  90  89 
 4  1  69  70  91  90 
 4  1  70  71  92  91 
 4  1  71  72  93  92 
 4  1  72  73  94  93 
 4  1  73  74  95  94 
 4  1  74  75  96  95 
 4  1  75  76  97  96 
 4  1  76  77  98  97 
 4  1  77  78  99  98 
 4  1  78  79  100  99 
 4  1  79  80  101  100 
 4  1  80  81  102  101 
 4  1  81  82  103  102 
 4  1  82  83  104  103 
 4  1  83  84  105  104 
 4  1  85  86  107  106 
 4  1  86  87  108  107 
 4  1  87  88  109  108 
 4  1  88  89  110  109 
 4  1  89  90  111  110 
 4  1  90  91  112  111 
 4  1  91  92  113  112 
 4  1  92  93  114  113 
 4  1  93  94  115  114 
 4  1  94  95  116  115 
 4  1  95  96  117  116 
 4  1  96  97  118  117 
 4  1  97  98  119  118 
 4  1  98  99  120  119 
 4  1  99  100  121  120 
 4  1  100  101  122  121 
 4  1  101  102  123  122 
 4  1  102  103  124  123 
 4  1  103  104  125  124 
 4  1  104  105  126  125 
 4  1  106  107  128  127 
 4  1  107  108  129  128 
 4  1  108  109  130  129 
 4  1  109  110  131  130 
 4  1  110  111  132  131 
 4  1  111  112  133  132 
 4  1  112  113  134  133 
 4  1  113  114  135  134 
 4  1  114  115  136  135 
 4  1  115  116  137  136 
 4  1  116  117  138  137 
 4  1  117  118  139  138 
 4  1  118  119  140  139 
 4  1  119  120  141  140 
 4  1  120  121  142  141 
 4  1  121  122  143  142 
 4  1  122  123  144  143 
 4  1  123  124  145  144 
 4  1  124  125  146  145 
 4  1  125  126  147  146 
 4  1  127  128  149  148 
 4  1  128  129  150  149 
 4  1  129  130  151  150 
 4  1  130  131  152  151 
 4  1  131  132  153  152 
 4  1  132  133  154  153 
 4  1  133  134  155  154 
 4  1  134  135  156  155 
 4  1  135  136  157  156 
 4  1  136  137  158  157 
 4  1  137  138  159  158 
 4  1  138  139  160  159 
 4  1  139  140  161  160 
 4  1  140  141  162  161 
 4  1  141  142  163  162 
 4  1  142  143  164  163 
 4  1  143  144  165  164 
 4  1  144  145  166  165 
 4  1  145  146  167  166 
 4  1  146  147  168  167 
 4  1  148  149  170  169 
 4  1  149  150  171  170 
 4  1  150  151  172  171 
 4  1  151  152  173  172 
 4  1  152  153  174  173 
 4  1  153  154  175  174 
 4  1  154  155  176  175 
 4  1  155  156  177  176 
 4  1  156  157  178  177 
 4  1  157  158  179  178 
 4  1  158  159  180  179 
 4  1  159  160  181  180 
 4  1  160  161  182  181 
 4  1  161  162  183  182 
 4  1  162  163  184  183 
 4  1  163  164  185  184 
 4  1  164  165  186  185 
 4  1  165  166  187  186 
 4  1  166  167  188  187 
 4  1  167  168  189  188 
 4  1  169  170  191  190 
 4  1  170  171  192  191 
 4  1  171  172  193  192 
 4  1  172  173  194  193 
 4  1  173  174  195  194 
 4  1  174  175  196  195 
 4  1  175  176  197  196 
 4  1  176  177  198  197 
 4  1  177  178  199  198 
 4  1  178  179  200  199 
 4  1  179  180  201  200 
 4  1  180  181  202  201 
 4  1  181  182  203  202 
 4  1  182  183  204  203 
 4  1  183  184  205  204 
 4  1  184  185  206  205 
 4  1  185  186  207  206 
 4  1  186  187  208  207 
 4  1  187  188  209  208 
 4  1  188  189  210  209 
 4  1  190  191  212  211 
 4  1  191  192  213  212 
 4  1  192  193  214  213 
 4  1  193  194  215  214 
 4  1  194  195  216  215 
 4  1  195  196  217  216 
 4  1  196  197  218  217 
 4  1  197  198  219  218 
 4  1  198  199  220  219 
 4  1  199  200  221  220 
 4  1  200  201  222  221 
 4  1  201  202  223  222 
 4  1  202  203  224  223 
 4  1  203  204  225  224 
 4  1  204  205  226  225 
 4  1  205  206  227  226 
 4  1  206  207  228  227 
 4  1  207  208  229  228 
 4  1  208  209  230  229 
 4  1  209  210  231  230 
 4  1  211  212  233  232 
 4  1  212  213  234  233 
 4  1  213  214  235  234 
 4  1  214  215  236  235 
 4  1  215  216  237  236 
 4  1  216  217  238  237 
 4  1  217  218  239  238 
 4  1  218  219  240  239 
 4  1  219  220  241  240 
 4  1  220  221  242  241 
 4  1  221  222  243  242 
 4  1  222  223  244  243 
 4  1  223  224  245  244 
 4  1  224  225  246  245 
 4  1  225  226  247  246 
 4  1  226  227  248  247 
 4  1  227  228  249  248 
 4  1  228  229  250  249 
 4  1  229  230  251  250 
 4  1  230  231  252  251 
 4  1  232  233  254  253 
 4  1  233  234  255  254 
 4  1  234  235  256  255 
 4  1  235  236  257  256 
 4  1  236  237  258  257 
 4  1  237  238  259  258 
 4  1  238  239  260  259 
 4  1  239  240  261  260 
 4  1  240  241  262  261 
 4  1  241  242  263  262 
 4  1  242  243  264  263 
 4  1  243  244  265  264 
 4  1  244  245  266  265 
 4  1  245  246  267  266 
 4  1  246  247  268  267 
 4  1  247  248  269  268 
 4  1  248  249  270  269 
 4  1  249  250  271  270 
 4  1  250  251  272  271 
 4  1  251  252  273  272 
 4  1  253  254  275  274 
 4  1  254  255  276  275 
 4  1  255  256  277  276 
 4  1  256  257  278  277 
 4  1  257  258  279  278 
 4  1  258  259  280  279 
 4  1  259  260  281  280 
 4  1  260  261  282  281 
 4  1  261  262  283  282 
 4  1  262  263  284  283 
 4  1  263  264  285  284 
 4  1  264  265  286  285 
 4  1  265  266  287  286 
 4  1  266  267  288  287 
 4  1  267  268  289  288 
 4  1  268  269  290  289 
 4  1  269  270  291  290 
 4  1  270  271  292  291 
 4  1  271  272  293  292 
 4  1  272  273  294  293 
 4  1  274  275  296  295 
 4  1  275  276  297  296 
 4  1  276  277  298  297 
 4  1  277  278  299  298 
 4  1  278  279  300  299 
 4  1  279  280  301  300 
 4  1  280  281  302  301 
 4  1  281  282  303  302 
 4  1  282  283  304  303 
 4  1  283  284  305  304 
 4  1  284  285  306  305 
 4  1  285  286  307  306 
 4  1  286  287  308  307 
 4  1  287  288  309  308 
 4  1  288  289  310  309 
 4  1  289  290  311  310 
 4  1  290  291  312  311 
 4  1  291  292  313  312 
 4  1  292  293  314  313 
 4  1  293  294  315  314 
 4  1  295  296  317  316 
 4  1  296  297  318  317 
 4  1  297  298  319  318 
 4  1  298  299  320  319 
 4  1  299  300  321  320 
 4  1  300  301  322  321 
 4  1  301  302  323  322 
 4  1  302  303  324  323 
 4  1  303  304  325  324 
 4  1  304  305  326  325 
 4  1  305  306  327  326 
 4  1  306  307  328  327 
 4  1  307  308  329  328 
 4  1  308  309  330  329 
 4  1  309  310  331  330 
 4  1  310  311  332  331 
 4  1  311  312  333  332 
 4  1  312  313  334  333 
 4  1  313  314  335  334 
 4  1  314  315  336  335 
 4  1  316  317  338  337 
 4  1  317  318  339  338 
 4  1  318  319  340  339 
 4  1  319  320  341  340 
 4  1  320  321  342  341 
 4  1  321  322  343  342 
 4  1  322  323  344  343 
 4  1  323  324  345  344 
 4  1  324  325  346  345 
 4  1  325  326  347  346 
 4  1  326  327  348  347 
 4  1  327  328  349  348 
 4  1  328  329  350  349 
 4  1  329  330  351  350 
 4  1  330  331  352  351 
 4  1  331  332  353  352 
 4  1  332  333  354  353 
 4  1  333  334  355  354 
 4  1  334  335  356  355 
 4  1  335  336  357  356 
 4  1  337  338  359  358 
 4  1  338  339  360  359 
 4  1  339  340  361  360 
 4  1  340  341  362  361 
 4  1  341  342  363  362 
 4  1  342  343  364  363 
 4  1  343  344  365  364 
 4  1  344  345  366  365 
 4  1  345  346  367  366 
 4  1  346  347  368  367 
 4  1  347  348  369  368 
 4  1  348  349  370  369 
 4  1  349  350  371  370 
 4  1  350  351  372  371 
 4  1  351  352  373  372 
 4  1  352  353  374  373 
 4  1  353  354  375  374 
 4  1  354  355  376  375 
 4  1  355  356  377  376 
 4  1  356  357  378  377 
 4  1  358  359  380  379 
 4  1  359  360  381  380 
 4  1  360  361  382  381 
 4  1  361  362  383  382 
 4  1  362  363  384  383 
 4  1  363  364  385  384 
 4  1  364  365  386  385 
 4  1  365  366  387  386 
 4  1  366  367  388  387 
 4  1  367  368  389  388 
 4  1  368  369  390  389 
 4  1  369  370  391  390 
 4  1  370  371  392  391 
 4  1  371  372  393  392 
 4  1  372  373  394  393 
 4  1  373  374  395  394 
 4  1  374  375  396  395 
 4  1  375  376  397  396 
 4  1  376  377  398  397 
 4  1  377  378  399  398 
 4  1  379  380  401  400 
 4  1  380  381  402  401 
 4  1  381  382  403  402 
 4  1  382  383  404  403 
 4  1  383  384  405  404 
 4  1  384  385  406  405 
 4  1  385  386  407  406 
 4  1  386  387  408  407 
 4  1  387  388  409  408 
 4  1  388  389  410  409 
 4  1  389  390  411  410 
 4  1  390  391  412  411 
 4  1  391  392  413  412 
 4  1  392  393  414  413 
 4  1  393  394  415  414 
 4  1  394  395  416  415 
 4  1  395  396  417  416 
 4  1  396  397  418  417 
 4  1  397  398  419  418 
 4  1  398  399  420  419 
 4  1  400  401  422  421 
 4  1  401  402  423  422 
 4  1  402  403  424  423 
 4  1  403  404  425  424 
 4  1  404  405  426  425 
 4  1  405  406  427  426 
 4  1  406  407  428  427 
 4  1  407  408  429  428 
 4  1  408  409  430  429 
 4  1  409  410  431  430 
 4  1  410  411  432  431 
 4  1  411  412  433  432 
 4  1  412  413  434  433 
 4  1  413  414  435  434 
 4  1  414  415  436  435 
 4  1  415  416  437  436 
 4  1  416  417  438  437 
 4  1  417  418  439  438 
 4  1  418  419  440  439 
 4  1  419  420  441  440 
