Puma Educational Robot
 2
 1               204             156             5               4    2
 1               1               3 
 0               0               3 
 0               0               3 
 0               0               3 
 0               0               3 
 0               0               3 
 0               0               3 
 0               0               3 
 0               0               3 
 0               0               3 
 0               0               3 
 0               0               3 
 0               0               3 
 0               0               3 
 0               0               3 
 0               0               3 
 0               0               3 
 4               0               3 
 3.69552         1.53073         3 
 2.82843         2.82843         3 
 1.53074         3.69552         3 
 4.76837E-06     4               3 
-1.53073         3.69552         3 
-2.82842         2.82843         3 
-3.69551         1.53074         3 
-4               1.04904E-05     3 
-3.69552        -1.53072         3 
-2.82844        -2.82842         3 
-1.53075        -3.69551         3 
-1.52588E-05    -4               3 
 1.53072        -3.69553         3 
 2.82842        -2.82844         3 
 3.69551        -1.53075         3 
 4               0               0 
 3.69552         1.53073         0 
 2.82843         2.82843         0 
 1.53074         3.69552         0 
 4.76837E-06     4               0 
-1.53073         3.69552         0 
-2.82842         2.82843         0 
-3.69551         1.53074         0 
-4               1.04904E-05     0 
-3.69552        -1.53072         0 
-2.82844        -2.82842         0 
-1.53075        -3.69551         0 
-1.52588E-05    -4               0 
 1.53072        -3.69553         0 
 2.82842        -2.82844         0 
 3.69551        -1.53075         0 
 0               0               0 
 0               0               0 
 0               0               0 
 0               0               0 
 0               0               0 
 0               0               0 
 0               0               0 
 0               0               0 
 0               0               0 
 0               0               0 
 0               0               0 
 0               0               0 
 0               0               0 
 0               0               0 
 0               0               0 
 0               0               0 
 2               0               22 
 1.73205         .999999         22 
 1               1.73205         22 
 2.38419E-06     2               22 
-.999997         1.73205         22 
-1.73205         1               22 
-2               4.76837E-06     22 
-1.73205        -.999995         22 
-1              -1.73205         22 
-6.67572E-06    -2               22 
 .999993        -1.73205         22 
 1.73205        -1.00001         22 
 2               0               3 
 1.73205         .999999         3 
 1               1.73205         3 
 2.38419E-06     2               3 
-.999997         1.73205         3 
-1.73205         1               3 
-2               4.76837E-06     3 
-1.73205        -.999995         3 
-1              -1.73205         3 
-6.67572E-06    -2               3 
 .999993        -1.73205         3 
 1.73205        -1.00001         3 
 3               0               25 
 3               .999999         24.7321 
 3               1.73205         24 
 3               2               23 
 3               1.73205         22 
 3               1               21.268 
 3               4.76837E-06     21 
 3              -.999995         21.2679 
 3              -1.73205         22 
 3              -2               23 
 3              -1.73205         24 
 3              -1.00001         24.732 
-2.3             0               25 
-2.3             .999999         24.7321 
-2.3             1.73205         24 
-2.3             2               23 
-2.3             1.73205         22 
-2.3             1               21.268 
-2.3             4.76837E-06     21 
-2.3            -.999995         21.2679 
-2.3            -1.73205         22 
-2.3            -2               23 
-2.3            -1.73205         24 
-2.3            -1.00001         24.732 
-2.3             0               23 
-2.3             0               23 
-2.3             0               23 
-2.3             0               23 
-2.3             0               23 
-2.3             0               23 
-2.3             0               23 
-2.3             0               23 
-2.3             0               23 
-2.3             0               23 
-2.3             0               23 
-2.3             0               23 
 3               14.5            27 
 3               16.3            26.5 
 3               16.8            25.5 
 3               16.5            24.3 
 3               15.5            23.5 
 3               .7              18.3 
 3              -1.2             18.5 
 3              -3               19.5 
 3              -4               21.8 
 3              -4.3             24.5 
 3              -3.5             26.7 
 3              -2               28 
 5               14.5            27 
 5               16.3            26.5 
 5               16.8            25.5 
 5               16.5            24.3 
 5               15.5            23.5 
 5               .7              18.3 
 5              -1.2             18.5 
 5              -3               19.5 
 5              -4               21.8 
 5              -4.3             24.5 
 5              -3.5             26.7 
 5              -2               28 
 1               22.5            19 
 1               23              17.8 
 1               22.5            16.5 
 1               21.5            16.6 
 1               20.5            17.3 
 1               13.3            22.3 
 1               12.7            24 
 1               12.5            25 
 1               13.3            26.2 
 1               14.5            27 
 1               16              26.8 
 1               17.2            26 
 3               22.5            19 
 3               23              17.8 
 3               22.5            16.5 
 3               21.5            16.6 
 3               20.5            17.3 
 3               13.3            22.3 
 3               12.7            24 
 3               12.5            25 
 3               13.3            26.2 
 3               14.5            27 
 3               16              26.8 
 3               17.2            26 
 2.9             22              16.5 
 2.9             22              15.5 
 1.1             22              15.5 
 1.1             22              16.5 
 2.9             20.5            16.5 
 2.9             20.5            15.5 
 1.1             20.5            15.5 
 1.1             20.5            16.5 
 3.7             21.7            12.5 
 3.7             21.7            14.5 
 2.7             21.7            15.5 
 1.3             21.7            15.5 
 .3              21.7            14.5 
 .3              21.7            12.5 
 .8              21.7            12.5 
 .8              21.7            14.5 
 1.6             21.7            15 
 2.4             21.7            15 
 3.2             21.7            15 
 3.2             21.7            12.5 
 3.7             20.8            12.5 
 3.7             20.8            14.5 
 2.7             20.8            15.5 
 1.3             20.8            15.5 
 .3              20.8            14.5 
 .3              20.8            12.5 
 .8              20.8            12.5 
 .8              20.8            14.5 
 1.6             20.8            15 
 2.4             20.8            15 
 3.2             20.8            15 
 3.2             20.8            12.5 
 4               1  1  17  18  2 
 4               1  2  18  19  3 
 4               1  3  19  20  4 
 4               1  4  20  21  5 
 4               1  5  21  22  6 
 4               1  6  22  23  7 
 4               1  7  23  24  8 
 4               1  8  24  25  9 
 4               1  9  25  26  10 
 4               1  10  26  27  11 
 4               1  11  27  28  12 
 4               1  12  28  29  13 
 4               1  13  29  30  14 
 4               1  14  30  31  15 
 4               1  15  31  32  16 
 4               1  16  32  17  1 
 4               1  17  33  34  18 
 4               1  18  34  35  19 
 4               1  19  35  36  20 
 4               1  20  36  37  21 
 4               1  21  37  38  22 
 4               1  22  38  39  23 
 4               1  23  39  40  24 
 4               1  24  40  41  25 
 4               1  25  41  42  26 
 4               1  26  42  43  27 
 4               1  27  43  44  28 
 4               1  28  44  45  29 
 4               1  29  45  46  30 
 4               1  30  46  47  31 
 4               1  31  47  48  32 
 4               1  32  48  33  17 
 4               1  33  49  50  34 
 4               1  34  50  51  35 
 4               1  35  51  52  36 
 4               1  36  52  53  37 
 4               1  37  53  54  38 
 4               1  38  54  55  39 
 4               1  39  55  56  40 
 4               1  40  56  57  41 
 4               1  41  57  58  42 
 4               1  42  58  59  43 
 4               1  43  59  60  44 
 4               1  44  60  61  45 
 4               1  45  61  62  46 
 4               1  46  62  63  47 
 4               1  47  63  64  48 
 4               1  48  64  49  33 
 4               1  65  77  78  66 
 4               1  66  78  79  67 
 4               1  67  79  80  68 
 4               1  68  80  81  69 
 4               1  69  81  82  70 
 4               1  70  82  83  71 
 4               1  71  83  84  72 
 4               1  72  84  85  73 
 4               1  73  85  86  74 
 4               1  74  86  87  75 
 4               1  75  87  88  76 
 4               1  76  88  77  65 
 4               1  89  101  102  90 
 4               1  90  102  103  91 
 4               1  91  103  104  92 
 4               1  92  104  105  93 
 4               1  93  105  106  94 
 4               1  94  106  107  95 
 4               1  95  107  108  96 
 4               1  96  108  109  97 
 4               1  97  109  110  98 
 4               1  98  110  111  99 
 4               1  99  111  112  100 
 4               1  100  112  101  89 
 4               1  101  113  114  102 
 4               1  102  114  115  103 
 4               1  103  115  116  104 
 4               1  104  116  117  105 
 4               1  105  117  118  106 
 4               1  106  118  119  107 
 4               1  107  119  120  108 
 4               1  108  120  121  109 
 4               1  109  121  122  110 
 4               1  110  122  123  111 
 4               1  111  123  124  112 
 4               1  112  124  113  101 
 4               1  125  126  135  136 
 4               1  126  127  134  135 
 4               1  127  128  133  134 
 4               1  128  129  132  133 
 4               1  129  130  131  132 
 4               1  148  147  138  137 
 4               1  147  146  139  138 
 4               1  146  145  140  139 
 4               1  145  144  141  140 
 4               1  144  143  142  141 
 4               1  126  125  137  138 
 4               1  127  126  138  139 
 4               1  128  127  139  140 
 4               1  129  128  140  141 
 4               1  130  129  141  142 
 4               1  131  130  142  143 
 4               1  132  131  143  144 
 4               1  133  132  144  145 
 4               1  134  133  145  146 
 4               1  135  134  146  147 
 4               1  136  135  147  148 
 4               1  125  136  148  137 
 4               1  149  150  159  160 
 4               1  150  151  158  159 
 4               1  151  152  157  158 
 4               1  152  153  156  157 
 4               1  153  154  155  156 
 4               1  172  171  162  161 
 4               1  171  170  163  162 
 4               1  170  169  164  163 
 4               1  169  168  165  164 
 4               1  168  167  166  165 
 4               1  150  149  161  162 
 4               1  151  150  162  162 
 4               1  152  151  163  164 
 4               1  153  152  164  165 
 4               1  154  153  165  166 
 4               1  155  154  166  167 
 4               1  156  155  167  168 
 4               1  157  158  168  169 
 4               1  158  159  169  170 
 4               1  159  160  170  171 
 4               1  160  161  171  172 
 4               1  149  160  172  161 
 4               1  173  174  175  176 
 4               1  173  176  180  177 
 4               1  176  175  179  180 
 4               1  174  173  177  178 
 4               1  175  174  178  179 
 4               1  180  179  178  177 
 4               1  192  191  182  181 
 4               1  191  190  183  182 
 4               1  190  189  184  183 
 4               1  189  188  185  184 
 4               1  188  187  186  185 
 4               1  193  194  203  204 
 4               1  194  195  202  203 
 4               1  195  196  201  202 
 4               1  196  197  200  201 
 4               1  197  198  199  200 
 4               1  181  193  204  192 
 4               1  187  199  198  186 
 4               1  181  182  194  193 
 4               1  182  183  195  194 
 4               1  183  184  196  195 
 4               1  184  185  197  196 
 4               1  185  186  198  197 
 4               1  191  192  204  203 
 4               1  190  191  203  202 
 4               1  189  190  202  201 
 4               1  188  189  201  200 
 4               1  187  188  200  199 
 1  100.    -70.    75.
 2  20.     0.      20.
 3  1
    100.    30.     0.
 4  0.8
 5  1.0
