sphere
4
1 258 512 3 1
1. 1. 0. 1. .1
1.000    0.000    0.000   
0.981    0.195    0.000   
0.981    0.000    0.195   
0.924    0.383    0.000   
0.960    0.199    0.199   
0.924    0.000    0.383   
0.707    0.707    0.000   
0.789    0.577    0.211   
0.831    0.556    0.000   
0.816    0.408    0.408   
0.890    0.405    0.209   
0.707    0.000    0.707   
0.831    0.000    0.556   
0.789    0.211    0.577   
0.890    0.209    0.405   
0.000    1.000    0.000   
0.000    0.981    0.195   
0.195    0.981    0.000   
0.000    0.924    0.383   
0.199    0.960    0.199   
0.383    0.924    0.000   
0.000    0.707    0.707   
0.211    0.789    0.577   
0.000    0.831    0.556   
0.408    0.816    0.408   
0.209    0.890    0.405   
0.556    0.831    0.000   
0.577    0.789    0.211   
0.405    0.890    0.209   
0.000    0.000    1.000   
0.195    0.000    0.981   
0.000    0.195    0.981   
0.383    0.000    0.924   
0.199    0.199    0.960   
0.000    0.383    0.924   
0.577    0.211    0.789   
0.556    0.000    0.831   
0.408    0.408    0.816   
0.405    0.209    0.890   
0.000    0.556    0.831   
0.211    0.577    0.789   
0.209    0.405    0.890   
0.640    0.640    0.426   
0.426    0.640    0.640   
0.640    0.426    0.640   
0.981    -0.195   0.000   
0.924    -0.383   0.000   
0.960    -0.199   0.199   
0.707    -0.707   0.000   
0.789    -0.577   0.211   
0.831    -0.556   0.000   
0.816    -0.408   0.408   
0.890    -0.405   0.209   
0.789    -0.211   0.577   
0.890    -0.209   0.405   
0.000    -1.000   0.000   
0.000    -0.981   0.195   
0.195    -0.981   0.000   
0.000    -0.924   0.383   
0.199    -0.960   0.199   
0.383    -0.924   0.000   
0.000    -0.707   0.707   
0.211    -0.789   0.577   
0.000    -0.831   0.556   
0.408    -0.816   0.408   
0.209    -0.890   0.405   
0.556    -0.831   0.000   
0.577    -0.789   0.211   
0.405    -0.890   0.209   
0.000    -0.195   0.981   
0.199    -0.199   0.960   
0.000    -0.383   0.924   
0.577    -0.211   0.789   
0.408    -0.408   0.816   
0.405    -0.209   0.890   
0.000    -0.556   0.831   
0.211    -0.577   0.789   
0.209    -0.405   0.890   
0.640    -0.640   0.426   
0.426    -0.640   0.640   
0.640    -0.426   0.640   
0.981    0.000    -0.195  
0.960    0.199    -0.199  
0.924    0.000    -0.383  
0.789    0.577    -0.211  
0.816    0.408    -0.408  
0.890    0.405    -0.209  
0.707    0.000    -0.707  
0.831    0.000    -0.556  
0.789    0.211    -0.577  
0.890    0.209    -0.405  
0.000    0.981    -0.195  
0.000    0.924    -0.383  
0.199    0.960    -0.199  
0.000    0.707    -0.707  
0.211    0.789    -0.577  
0.000    0.831    -0.556  
0.408    0.816    -0.408  
0.209    0.890    -0.405  
0.577    0.789    -0.211  
0.405    0.890    -0.209  
0.000    0.000    -1.000  
0.195    0.000    -0.981  
0.000    0.195    -0.981  
0.383    0.000    -0.924  
0.199    0.199    -0.960  
0.000    0.383    -0.924  
0.577    0.211    -0.789  
0.556    0.000    -0.831  
0.408    0.408    -0.816  
0.405    0.209    -0.890  
0.000    0.556    -0.831  
0.211    0.577    -0.789  
0.209    0.405    -0.890  
0.640    0.640    -0.426  
0.426    0.640    -0.640  
0.640    0.426    -0.640  
0.960    -0.199   -0.199  
0.789    -0.577   -0.211  
0.816    -0.408   -0.408  
0.890    -0.405   -0.209  
0.789    -0.211   -0.577  
0.890    -0.209   -0.405  
0.000    -0.981   -0.195  
0.000    -0.924   -0.383  
0.199    -0.960   -0.199  
0.000    -0.707   -0.707  
0.211    -0.789   -0.577  
0.000    -0.831   -0.556  
0.408    -0.816   -0.408  
0.209    -0.890   -0.405  
0.577    -0.789   -0.211  
0.405    -0.890   -0.209  
0.000    -0.195   -0.981  
0.199    -0.199   -0.960  
0.000    -0.383   -0.924  
0.577    -0.211   -0.789  
0.408    -0.408   -0.816  
0.405    -0.209   -0.890  
0.000    -0.556   -0.831  
0.211    -0.577   -0.789  
0.209    -0.405   -0.890  
0.640    -0.640   -0.426  
0.426    -0.640   -0.640  
0.640    -0.426   -0.640  
-1.000   0.000    0.000   
-0.981   0.195    0.000   
-0.981   0.000    0.195   
-0.924   0.383    0.000   
-0.960   0.199    0.199   
-0.924   0.000    0.383   
-0.707   0.707    0.000   
-0.789   0.577    0.211   
-0.831   0.556    0.000   
-0.816   0.408    0.408   
-0.890   0.405    0.209   
-0.707   0.000    0.707   
-0.831   0.000    0.556   
-0.789   0.211    0.577   
-0.890   0.209    0.405   
-0.195   0.981    0.000   
-0.199   0.960    0.199   
-0.383   0.924    0.000   
-0.211   0.789    0.577   
-0.408   0.816    0.408   
-0.209   0.890    0.405   
-0.556   0.831    0.000   
-0.577   0.789    0.211   
-0.405   0.890    0.209   
-0.195   0.000    0.981   
-0.383   0.000    0.924   
-0.199   0.199    0.960   
-0.577   0.211    0.789   
-0.556   0.000    0.831   
-0.408   0.408    0.816   
-0.405   0.209    0.890   
-0.211   0.577    0.789   
-0.209   0.405    0.890   
-0.640   0.640    0.426   
-0.426   0.640    0.640   
-0.640   0.426    0.640   
-0.981   -0.195   0.000   
-0.924   -0.383   0.000   
-0.960   -0.199   0.199   
-0.707   -0.707   0.000   
-0.789   -0.577   0.211   
-0.831   -0.556   0.000   
-0.816   -0.408   0.408   
-0.890   -0.405   0.209   
-0.789   -0.211   0.577   
-0.890   -0.209   0.405   
-0.195   -0.981   0.000   
-0.199   -0.960   0.199   
-0.383   -0.924   0.000   
-0.211   -0.789   0.577   
-0.408   -0.816   0.408   
-0.209   -0.890   0.405   
-0.556   -0.831   0.000   
-0.577   -0.789   0.211   
-0.405   -0.890   0.209   
-0.199   -0.199   0.960   
-0.577   -0.211   0.789   
-0.408   -0.408   0.816   
-0.405   -0.209   0.890   
-0.211   -0.577   0.789   
-0.209   -0.405   0.890   
-0.640   -0.640   0.426   
-0.426   -0.640   0.640   
-0.640   -0.426   0.640   
-0.981   0.000    -0.195  
-0.960   0.199    -0.199  
-0.924   0.000    -0.383  
-0.789   0.577    -0.211  
-0.816   0.408    -0.408  
-0.890   0.405    -0.209  
-0.707   0.000    -0.707  
-0.831   0.000    -0.556  
-0.789   0.211    -0.577  
-0.890   0.209    -0.405  
-0.199   0.960    -0.199  
-0.211   0.789    -0.577  
-0.408   0.816    -0.408  
-0.209   0.890    -0.405  
-0.577   0.789    -0.211  
-0.405   0.890    -0.209  
-0.195   0.000    -0.981  
-0.383   0.000    -0.924  
-0.199   0.199    -0.960  
-0.577   0.211    -0.789  
-0.556   0.000    -0.831  
-0.408   0.408    -0.816  
-0.405   0.209    -0.890  
-0.211   0.577    -0.789  
-0.209   0.405    -0.890  
-0.640   0.640    -0.426  
-0.426   0.640    -0.640  
-0.640   0.426    -0.640  
-0.960   -0.199   -0.199  
-0.789   -0.577   -0.211  
-0.816   -0.408   -0.408  
-0.890   -0.405   -0.209  
-0.789   -0.211   -0.577  
-0.890   -0.209   -0.405  
-0.199   -0.960   -0.199  
-0.211   -0.789   -0.577  
-0.408   -0.816   -0.408  
-0.209   -0.890   -0.405  
-0.577   -0.789   -0.211  
-0.405   -0.890   -0.209  
-0.199   -0.199   -0.960  
-0.577   -0.211   -0.789  
-0.408   -0.408   -0.816  
-0.405   -0.209   -0.890  
-0.211   -0.577   -0.789  
-0.209   -0.405   -0.890  
-0.640   -0.640   -0.426  
-0.426   -0.640   -0.640  
-0.640   -0.426   -0.640  
3 1 1 2 3
3 1 4 5 2
3 1 6 3 5
3 1 2 5 3
3 1 7 8 9
3 1 10 11 8
3 1 4 9 11
3 1 8 11 9
3 1 12 13 14
3 1 6 15 13
3 1 10 14 15
3 1 13 15 14
3 1 4 11 5
3 1 10 15 11
3 1 6 5 15
3 1 11 15 5
3 1 16 17 18
3 1 19 20 17
3 1 21 18 20
3 1 17 20 18
3 1 22 23 24
3 1 25 26 23
3 1 19 24 26
3 1 23 26 24
3 1 7 27 28
3 1 21 29 27
3 1 25 28 29
3 1 27 29 28
3 1 19 26 20
3 1 25 29 26
3 1 21 20 29
3 1 26 29 20
3 1 30 31 32
3 1 33 34 31
3 1 35 32 34
3 1 31 34 32
3 1 12 36 37
3 1 38 39 36
3 1 33 37 39
3 1 36 39 37
3 1 22 40 41
3 1 35 42 40
3 1 38 41 42
3 1 40 42 41
3 1 33 39 34
3 1 38 42 39
3 1 35 34 42
3 1 39 42 34
3 1 7 28 8
3 1 25 43 28
3 1 10 8 43
3 1 28 43 8
3 1 22 41 23
3 1 38 44 41
3 1 25 23 44
3 1 41 44 23
3 1 12 14 36
3 1 10 45 14
3 1 38 36 45
3 1 14 45 36
3 1 25 44 43
3 1 38 45 44
3 1 10 43 45
3 1 44 45 43
3 1 3 46 1
3 1 46 48 47
3 1 48 3 6
3 1 3 48 46
3 1 51 50 49
3 1 50 53 52
3 1 53 51 47
3 1 51 53 50
3 1 54 13 12
3 1 13 55 6
3 1 55 54 52
3 1 54 55 13
3 1 48 53 47
3 1 53 55 52
3 1 55 48 6
3 1 48 55 53
3 1 58 57 56
3 1 57 60 59
3 1 60 58 61
3 1 58 60 57
3 1 64 63 62
3 1 63 66 65
3 1 66 64 59
3 1 64 66 63
3 1 68 67 49
3 1 67 69 61
3 1 69 68 65
3 1 68 69 67
3 1 60 66 59
3 1 66 69 65
3 1 69 60 61
3 1 60 69 66
3 1 70 31 30
3 1 31 71 33
3 1 71 70 72
3 1 70 71 31
3 1 37 73 12
3 1 73 75 74
3 1 75 37 33
3 1 37 75 73
3 1 77 76 62
3 1 76 78 72
3 1 78 77 74
3 1 77 78 76
3 1 71 75 33
3 1 75 78 74
3 1 78 71 72
3 1 71 78 75
3 1 50 68 49
3 1 68 79 65
3 1 79 50 52
3 1 50 79 68
3 1 63 77 62
3 1 77 80 74
3 1 80 63 65
3 1 63 80 77
3 1 73 54 12
3 1 54 81 52
3 1 81 73 74
3 1 73 81 54
3 1 79 80 65
3 1 80 81 74
3 1 81 79 52
3 1 79 81 80
3 1 82 2 1
3 1 2 83 4
3 1 83 82 84
3 1 82 83 2
3 1 9 85 7
3 1 85 87 86
3 1 87 9 4
3 1 9 87 85
3 1 90 89 88
3 1 89 91 84
3 1 91 90 86
3 1 90 91 89
3 1 83 87 4
3 1 87 91 86
3 1 91 83 84
3 1 83 91 87
3 1 18 92 16
3 1 92 94 93
3 1 94 18 21
3 1 18 94 92
3 1 97 96 95
3 1 96 99 98
3 1 99 97 93
3 1 97 99 96
3 1 100 27 7
3 1 27 101 21
3 1 101 100 98
3 1 100 101 27
3 1 94 99 93
3 1 99 101 98
3 1 101 94 21
3 1 94 101 99
3 1 104 103 102
3 1 103 106 105
3 1 106 104 107
3 1 104 106 103
3 1 109 108 88
3 1 108 111 110
3 1 111 109 105
3 1 109 111 108
3 1 113 112 95
3 1 112 114 107
3 1 114 113 110
3 1 113 114 112
3 1 106 111 105
3 1 111 114 110
3 1 114 106 107
3 1 106 114 111
3 1 85 100 7
3 1 100 115 98
3 1 115 85 86
3 1 85 115 100
3 1 96 113 95
3 1 113 116 110
3 1 116 96 98
3 1 96 116 113
3 1 108 90 88
3 1 90 117 86
3 1 117 108 110
3 1 108 117 90
3 1 115 116 98
3 1 116 117 110
3 1 117 115 86
3 1 115 117 116
3 1 1 46 82
3 1 47 118 46
3 1 84 82 118
3 1 46 118 82
3 1 49 119 51
3 1 120 121 119
3 1 47 51 121
3 1 119 121 51
3 1 88 89 122
3 1 84 123 89
3 1 120 122 123
3 1 89 123 122
3 1 47 121 118
3 1 120 123 121
3 1 84 118 123
3 1 121 123 118
3 1 56 124 58
3 1 125 126 124
3 1 61 58 126
3 1 124 126 58
3 1 127 128 129
3 1 130 131 128
3 1 125 129 131
3 1 128 131 129
3 1 49 67 132
3 1 61 133 67
3 1 130 132 133
3 1 67 133 132
3 1 125 131 126
3 1 130 133 131
3 1 61 126 133
3 1 131 133 126
3 1 102 103 134
3 1 105 135 103
3 1 136 134 135
3 1 103 135 134
3 1 88 137 109
3 1 138 139 137
3 1 105 109 139
3 1 137 139 109
3 1 127 140 141
3 1 136 142 140
3 1 138 141 142
3 1 140 142 141
3 1 105 139 135
3 1 138 142 139
3 1 136 135 142
3 1 139 142 135
3 1 49 132 119
3 1 130 143 132
3 1 120 119 143
3 1 132 143 119
3 1 127 141 128
3 1 138 144 141
3 1 130 128 144
3 1 141 144 128
3 1 88 122 137
3 1 120 145 122
3 1 138 137 145
3 1 122 145 137
3 1 130 144 143
3 1 138 145 144
3 1 120 143 145
3 1 144 145 143
3 1 148 147 146
3 1 147 150 149
3 1 150 148 151
3 1 148 150 147
3 1 154 153 152
3 1 153 156 155
3 1 156 154 149
3 1 154 156 153
3 1 159 158 157
3 1 158 160 151
3 1 160 159 155
3 1 159 160 158
3 1 150 156 149
3 1 156 160 155
3 1 160 150 151
3 1 150 160 156
3 1 161 17 16
3 1 17 162 19
3 1 162 161 163
3 1 161 162 17
3 1 24 164 22
3 1 164 166 165
3 1 166 24 19
3 1 24 166 164
3 1 168 167 152
3 1 167 169 163
3 1 169 168 165
3 1 168 169 167
3 1 162 166 19
3 1 166 169 165
3 1 169 162 163
3 1 162 169 166
3 1 32 170 30
3 1 170 172 171
3 1 172 32 35
3 1 32 172 170
3 1 174 173 157
3 1 173 176 175
3 1 176 174 171
3 1 174 176 173
3 1 177 40 22
3 1 40 178 35
3 1 178 177 175
3 1 177 178 40
3 1 172 176 171
3 1 176 178 175
3 1 178 172 35
3 1 172 178 176
3 1 153 168 152
3 1 168 179 165
3 1 179 153 155
3 1 153 179 168
3 1 164 177 22
3 1 177 180 175
3 1 180 164 165
3 1 164 180 177
3 1 173 159 157
3 1 159 181 155
3 1 181 173 175
3 1 173 181 159
3 1 179 180 165
3 1 180 181 175
3 1 181 179 155
3 1 179 181 180
3 1 146 182 148
3 1 183 184 182
3 1 151 148 184
3 1 182 184 148
3 1 185 186 187
3 1 188 189 186
3 1 183 187 189
3 1 186 189 187
3 1 157 158 190
3 1 151 191 158
3 1 188 190 191
3 1 158 191 190
3 1 183 189 184
3 1 188 191 189
3 1 151 184 191
3 1 189 191 184
3 1 56 57 192
3 1 59 193 57
3 1 194 192 193
3 1 57 193 192
3 1 62 195 64
3 1 196 197 195
3 1 59 64 197
3 1 195 197 64
3 1 185 198 199
3 1 194 200 198
3 1 196 199 200
3 1 198 200 199
3 1 59 197 193
3 1 196 200 197
3 1 194 193 200
3 1 197 200 193
3 1 30 170 70
3 1 171 201 170
3 1 72 70 201
3 1 170 201 70
3 1 157 202 174
3 1 203 204 202
3 1 171 174 204
3 1 202 204 174
3 1 62 76 205
3 1 72 206 76
3 1 203 205 206
3 1 76 206 205
3 1 171 204 201
3 1 203 206 204
3 1 72 201 206
3 1 204 206 201
3 1 185 199 186
3 1 196 207 199
3 1 188 186 207
3 1 199 207 186
3 1 62 205 195
3 1 203 208 205
3 1 196 195 208
3 1 205 208 195
3 1 157 190 202
3 1 188 209 190
3 1 203 202 209
3 1 190 209 202
3 1 196 208 207
3 1 203 209 208
3 1 188 207 209
3 1 208 209 207
3 1 146 147 210
3 1 149 211 147
3 1 212 210 211
3 1 147 211 210
3 1 152 213 154
3 1 214 215 213
3 1 149 154 215
3 1 213 215 154
3 1 216 217 218
3 1 212 219 217
3 1 214 218 219
3 1 217 219 218
3 1 149 215 211
3 1 214 219 215
3 1 212 211 219
3 1 215 219 211
3 1 16 92 161
3 1 93 220 92
3 1 163 161 220
3 1 92 220 161
3 1 95 221 97
3 1 222 223 221
3 1 93 97 223
3 1 221 223 97
3 1 152 167 224
3 1 163 225 167
3 1 222 224 225
3 1 167 225 224
3 1 93 223 220
3 1 222 225 223
3 1 163 220 225
3 1 223 225 220
3 1 102 226 104
3 1 227 228 226
3 1 107 104 228
3 1 226 228 104
3 1 216 229 230
3 1 231 232 229
3 1 227 230 232
3 1 229 232 230
3 1 95 112 233
3 1 107 234 112
3 1 231 233 234
3 1 112 234 233
3 1 227 232 228
3 1 231 234 232
3 1 107 228 234
3 1 232 234 228
3 1 152 224 213
3 1 222 235 224
3 1 214 213 235
3 1 224 235 213
3 1 95 233 221
3 1 231 236 233
3 1 222 221 236
3 1 233 236 221
3 1 216 218 229
3 1 214 237 218
3 1 231 229 237
3 1 218 237 229
3 1 222 236 235
3 1 231 237 236
3 1 214 235 237
3 1 236 237 235
3 1 210 182 146
3 1 182 238 183
3 1 238 210 212
3 1 210 238 182
3 1 187 239 185
3 1 239 241 240
3 1 241 187 183
3 1 187 241 239
3 1 242 217 216
3 1 217 243 212
3 1 243 242 240
3 1 242 243 217
3 1 238 241 183
3 1 241 243 240
3 1 243 238 212
3 1 238 243 241
3 1 192 124 56
3 1 124 244 125
3 1 244 192 194
3 1 192 244 124
3 1 129 245 127
3 1 245 247 246
3 1 247 129 125
3 1 129 247 245
3 1 248 198 185
3 1 198 249 194
3 1 249 248 246
3 1 248 249 198
3 1 244 247 125
3 1 247 249 246
3 1 249 244 194
3 1 244 249 247
3 1 134 226 102
3 1 226 250 227
3 1 250 134 136
3 1 134 250 226
3 1 230 251 216
3 1 251 253 252
3 1 253 230 227
3 1 230 253 251
3 1 254 140 127
3 1 140 255 136
3 1 255 254 252
3 1 254 255 140
3 1 250 253 227
3 1 253 255 252
3 1 255 250 136
3 1 250 255 253
3 1 239 248 185
3 1 248 256 246
3 1 256 239 240
3 1 239 256 248
3 1 245 254 127
3 1 254 257 252
3 1 257 245 246
3 1 245 257 254
3 1 251 242 216
3 1 242 258 240
3 1 258 251 252
3 1 251 258 242
3 1 256 257 246
3 1 257 258 252
3 1 258 256 240
3 1 256 258 257
