spring
4 
1 909	1800	3 1
1. 1. 0. 1. .1
-1.55333	0.713333	0	
-1.58667	0.666667	0	
-1.6	0.606667	0	
-1.57333	0.553333	0	
-1.51333	0.526667	0	
-1.44667	0.546667	0	
-1.4	0.6	0	
-1.41333	0.68	0	
-1.46667	0.72	0	
-1.52333	0.67842	0.220432	
-1.55667	0.634038	0.206011	
-1.57	0.576974	0.18747	
-1.54333	0.526251	0.170989	
-1.48333	0.50089	0.162749	
-1.41667	0.519911	0.168929	
-1.37	0.570634	0.18541	
-1.38333	0.646718	0.210132	
-1.43667	0.684761	0.222492	
-1.49333	0.577099	0.419287	
-1.52667	0.539345	0.391857	
-1.54	0.490804	0.35659	
-1.51333	0.447656	0.325241	
-1.45333	0.426082	0.309567	
-1.38667	0.442263	0.321323	
-1.34	0.48541	0.352671	
-1.35333	0.550132	0.399694	
-1.40667	0.582492	0.423205	
-1.46333	0.419287	0.577099	
-1.49667	0.391857	0.539345	
-1.51	0.35659	0.490804	
-1.48333	0.325241	0.447656	
-1.42333	0.309567	0.426082	
-1.35667	0.321323	0.442263	
-1.31	0.352671	0.48541	
-1.32333	0.399694	0.550132	
-1.37667	0.423205	0.582492	
-1.43333	0.220432	0.67842	
-1.46667	0.206011	0.634038	
-1.48	0.18747	0.576974	
-1.45333	0.170989	0.526251	
-1.39333	0.162749	0.50089	
-1.32667	0.168929	0.519911	
-1.28	0.18541	0.570634	
-1.29333	0.210132	0.646718	
-1.34667	0.222492	0.684761	
-1.40333	-7.49737e-11	0.713333	
-1.43667	-7.00689e-11	0.666667	
-1.45	-6.37627e-11	0.606667	
-1.42333	-5.81572e-11	0.553333	
-1.36333	-5.53544e-11	0.526667	
-1.29667	-5.74565e-11	0.546667	
-1.25	-6.3062e-11	0.6	
-1.26333	-7.14703e-11	0.68	
-1.31667	-7.56744e-11	0.72	
-1.37333	-0.220432	0.67842	
-1.40667	-0.206011	0.634038	
-1.42	-0.18747	0.576974	
-1.39333	-0.170989	0.526251	
-1.33333	-0.162749	0.50089	
-1.26667	-0.168929	0.519911	
-1.22	-0.18541	0.570634	
-1.23333	-0.210132	0.646718	
-1.28667	-0.222492	0.684761	
-1.34333	-0.419287	0.577099	
-1.37667	-0.391857	0.539345	
-1.39	-0.35659	0.490804	
-1.36333	-0.325241	0.447656	
-1.30333	-0.309567	0.426082	
-1.23667	-0.321323	0.442263	
-1.19	-0.352671	0.48541	
-1.20333	-0.399694	0.550132	
-1.25667	-0.423205	0.582492	
-1.31333	-0.577099	0.419287	
-1.34667	-0.539345	0.391857	
-1.36	-0.490804	0.35659	
-1.33333	-0.447656	0.325241	
-1.27333	-0.426082	0.309567	
-1.20667	-0.442263	0.321323	
-1.16	-0.48541	0.352671	
-1.17333	-0.550132	0.399694	
-1.22667	-0.582492	0.423205	
-1.28333	-0.67842	0.220432	
-1.31667	-0.634038	0.206011	
-1.33	-0.576974	0.18747	
-1.30333	-0.526251	0.170989	
-1.24333	-0.50089	0.162749	
-1.17667	-0.519911	0.168929	
-1.13	-0.570634	0.18541	
-1.14333	-0.646718	0.210132	
-1.19667	-0.684761	0.222492	
-1.25333	-0.713333	-1.49947e-10	
-1.28667	-0.666667	-1.40138e-10	
-1.3	-0.606667	-1.27525e-10	
-1.27333	-0.553333	-1.16314e-10	
-1.21333	-0.526667	-1.10709e-10	
-1.14667	-0.546667	-1.14913e-10	
-1.1	-0.6	-1.26124e-10	
-1.11333	-0.68	-1.42941e-10	
-1.16667	-0.72	-1.51349e-10	
-1.22333	-0.67842	-0.220432	
-1.25667	-0.634038	-0.206011	
-1.27	-0.576974	-0.18747	
-1.24333	-0.526251	-0.170989	
-1.18333	-0.50089	-0.162749	
-1.11667	-0.519911	-0.168929	
-1.07	-0.570634	-0.18541	
-1.08333	-0.646718	-0.210132	
-1.13667	-0.684761	-0.222492	
-1.19333	-0.577099	-0.419287	
-1.22667	-0.539345	-0.391857	
-1.24	-0.490804	-0.35659	
-1.21333	-0.447656	-0.325241	
-1.15333	-0.426082	-0.309567	
-1.08667	-0.442263	-0.321323	
-1.04	-0.48541	-0.352671	
-1.05333	-0.550132	-0.399694	
-1.10667	-0.582492	-0.423205	
-1.16333	-0.419287	-0.577099	
-1.19667	-0.391857	-0.539345	
-1.21	-0.35659	-0.490804	
-1.18333	-0.325241	-0.447656	
-1.12333	-0.309567	-0.426082	
-1.05667	-0.321323	-0.442263	
-1.01	-0.352671	-0.48541	
-1.02333	-0.399694	-0.550132	
-1.07667	-0.423205	-0.582492	
-1.13333	-0.220432	-0.67842	
-1.16667	-0.206011	-0.634038	
-1.18	-0.18747	-0.576974	
-1.15333	-0.170989	-0.526251	
-1.09333	-0.162749	-0.50089	
-1.02667	-0.168929	-0.519911	
-0.98	-0.18541	-0.570634	
-0.993333	-0.210132	-0.646718	
-1.04667	-0.222492	-0.684761	
-1.10333	2.24921e-10	-0.713333	
-1.13667	2.10207e-10	-0.666667	
-1.15	1.91288e-10	-0.606667	
-1.12333	1.74472e-10	-0.553333	
-1.06333	1.66063e-10	-0.526667	
-0.996667	1.7237e-10	-0.546667	
-0.95	1.89186e-10	-0.6	
-0.963333	2.14411e-10	-0.68	
-1.01667	2.27023e-10	-0.72	
-1.07333	0.220432	-0.67842	
-1.10667	0.206011	-0.634038	
-1.12	0.18747	-0.576974	
-1.09333	0.170989	-0.526251	
-1.03333	0.162749	-0.50089	
-0.966667	0.168929	-0.519911	
-0.92	0.18541	-0.570634	
-0.933333	0.210132	-0.646718	
-0.986667	0.222492	-0.684761	
-1.04333	0.419287	-0.577099	
-1.07667	0.391857	-0.539345	
-1.09	0.35659	-0.490804	
-1.06333	0.325241	-0.447656	
-1.00333	0.309567	-0.426082	
-0.936667	0.321323	-0.442263	
-0.89	0.352671	-0.48541	
-0.903333	0.399694	-0.550132	
-0.956667	0.423205	-0.582492	
-1.01333	0.577099	-0.419287	
-1.04667	0.539345	-0.391857	
-1.06	0.490804	-0.35659	
-1.03333	0.447656	-0.325241	
-0.973333	0.426082	-0.309567	
-0.906667	0.442263	-0.321323	
-0.86	0.48541	-0.352671	
-0.873333	0.550132	-0.399694	
-0.926667	0.582492	-0.423205	
-0.983333	0.67842	-0.220432	
-1.01667	0.634038	-0.206011	
-1.03	0.576974	-0.18747	
-1.00333	0.526251	-0.170989	
-0.943333	0.50089	-0.162749	
-0.876667	0.519911	-0.168929	
-0.83	0.570634	-0.18541	
-0.843333	0.646718	-0.210132	
-0.896667	0.684761	-0.222492	
-0.953333	0.713333	2.99895e-10	
-0.986667	0.666667	2.80276e-10	
-1	0.606667	2.55051e-10	
-0.973333	0.553333	2.32629e-10	
-0.913333	0.526667	2.21418e-10	
-0.846667	0.546667	2.29826e-10	
-0.8	0.6	2.52248e-10	
-0.813333	0.68	2.85881e-10	
-0.866667	0.72	3.02698e-10	
-0.923333	0.67842	0.220432	
-0.956667	0.634038	0.206011	
-0.97	0.576974	0.18747	
-0.943333	0.526251	0.170989	
-0.883333	0.50089	0.162749	
-0.816667	0.519911	0.168929	
-0.77	0.570634	0.18541	
-0.783333	0.646718	0.210132	
-0.836667	0.684761	0.222492	
-0.893333	0.577099	0.419287	
-0.926667	0.539345	0.391857	
-0.94	0.490804	0.35659	
-0.913333	0.447656	0.325241	
-0.853333	0.426082	0.309567	
-0.786667	0.442263	0.321323	
-0.74	0.48541	0.352671	
-0.753333	0.550132	0.399694	
-0.806667	0.582492	0.423205	
-0.863333	0.419287	0.577099	
-0.896667	0.391857	0.539345	
-0.91	0.35659	0.490804	
-0.883333	0.325241	0.447656	
-0.823333	0.309567	0.426082	
-0.756667	0.321323	0.442263	
-0.71	0.352671	0.48541	
-0.723333	0.399694	0.550132	
-0.776667	0.423205	0.582492	
-0.833333	0.220432	0.67842	
-0.866667	0.206011	0.634038	
-0.88	0.18747	0.576974	
-0.853333	0.170989	0.526251	
-0.793333	0.162749	0.50089	
-0.726667	0.168929	0.519911	
-0.68	0.18541	0.570634	
-0.693333	0.210132	0.646718	
-0.746667	0.222492	0.684761	
-0.803333	-3.74869e-10	0.713333	
-0.836667	-3.50345e-10	0.666667	
-0.85	-3.18814e-10	0.606667	
-0.823333	-2.90786e-10	0.553333	
-0.763333	-2.76772e-10	0.526667	
-0.696667	-2.87283e-10	0.546667	
-0.65	-3.1531e-10	0.6	
-0.663333	-3.57352e-10	0.68	
-0.716667	-3.78372e-10	0.72	
-0.773333	-0.220432	0.67842	
-0.806667	-0.206011	0.634038	
-0.82	-0.18747	0.576974	
-0.793333	-0.170989	0.526251	
-0.733333	-0.162749	0.50089	
-0.666667	-0.168929	0.519911	
-0.62	-0.18541	0.570634	
-0.633333	-0.210132	0.646718	
-0.686667	-0.222492	0.684761	
-0.743333	-0.419287	0.577099	
-0.776667	-0.391857	0.539345	
-0.79	-0.35659	0.490804	
-0.763333	-0.325241	0.447656	
-0.703333	-0.309567	0.426082	
-0.636667	-0.321323	0.442263	
-0.59	-0.352671	0.48541	
-0.603333	-0.399694	0.550132	
-0.656667	-0.423205	0.582492	
-0.713333	-0.577099	0.419287	
-0.746667	-0.539345	0.391857	
-0.76	-0.490804	0.35659	
-0.733333	-0.447656	0.325241	
-0.673333	-0.426082	0.309567	
-0.606667	-0.442263	0.321323	
-0.56	-0.48541	0.352671	
-0.573333	-0.550132	0.399694	
-0.626667	-0.582492	0.423205	
-0.683333	-0.67842	0.220432	
-0.716667	-0.634038	0.206011	
-0.73	-0.576974	0.18747	
-0.703333	-0.526251	0.170989	
-0.643333	-0.50089	0.162749	
-0.576667	-0.519911	0.168929	
-0.53	-0.570634	0.18541	
-0.543333	-0.646718	0.210132	
-0.596667	-0.684761	0.222492	
-0.653333	-0.713333	-4.49843e-10	
-0.686667	-0.666667	-4.20414e-10	
-0.7	-0.606667	-3.82576e-10	
-0.673333	-0.553333	-3.48943e-10	
-0.613333	-0.526667	-3.32127e-10	
-0.546667	-0.546667	-3.44739e-10	
-0.5	-0.6	-3.78372e-10	
-0.513333	-0.68	-4.28822e-10	
-0.566667	-0.72	-4.54047e-10	
-0.623333	-0.67842	-0.220432	
-0.656667	-0.634038	-0.206011	
-0.67	-0.576974	-0.18747	
-0.643333	-0.526251	-0.170989	
-0.583333	-0.50089	-0.162749	
-0.516667	-0.519911	-0.168929	
-0.47	-0.570634	-0.18541	
-0.483333	-0.646718	-0.210132	
-0.536667	-0.684761	-0.222492	
-0.593333	-0.577099	-0.419287	
-0.626667	-0.539345	-0.391857	
-0.64	-0.490804	-0.35659	
-0.613333	-0.447656	-0.325241	
-0.553333	-0.426082	-0.309567	
-0.486667	-0.442263	-0.321323	
-0.44	-0.48541	-0.352671	
-0.453333	-0.550132	-0.399694	
-0.506667	-0.582492	-0.423205	
-0.563333	-0.419287	-0.577099	
-0.596667	-0.391857	-0.539345	
-0.61	-0.35659	-0.490804	
-0.583333	-0.325241	-0.447656	
-0.523333	-0.309567	-0.426082	
-0.456667	-0.321323	-0.442263	
-0.41	-0.352671	-0.48541	
-0.423333	-0.399694	-0.550132	
-0.476667	-0.423205	-0.582492	
-0.533333	-0.220432	-0.67842	
-0.566667	-0.206011	-0.634038	
-0.58	-0.18747	-0.576974	
-0.553333	-0.170989	-0.526251	
-0.493333	-0.162749	-0.50089	
-0.426667	-0.168929	-0.519911	
-0.38	-0.18541	-0.570634	
-0.393333	-0.210132	-0.646718	
-0.446667	-0.222492	-0.684761	
-0.503333	5.24816e-10	-0.713333	
-0.536667	4.90482e-10	-0.666667	
-0.55	4.46339e-10	-0.606667	
-0.523333	4.071e-10	-0.553333	
-0.463333	3.87481e-10	-0.526667	
-0.396667	4.02196e-10	-0.546667	
-0.35	4.41434e-10	-0.6	
-0.363333	5.00292e-10	-0.68	
-0.416667	5.29721e-10	-0.72	
-0.473333	0.220432	-0.67842	
-0.506667	0.206011	-0.634038	
-0.52	0.18747	-0.576974	
-0.493333	0.170989	-0.526251	
-0.433333	0.162749	-0.50089	
-0.366667	0.168929	-0.519911	
-0.32	0.18541	-0.570634	
-0.333333	0.210132	-0.646718	
-0.386667	0.222492	-0.684761	
-0.443333	0.419287	-0.577099	
-0.476667	0.391857	-0.539345	
-0.49	0.35659	-0.490804	
-0.463333	0.325241	-0.447656	
-0.403333	0.309567	-0.426082	
-0.336667	0.321323	-0.442263	
-0.29	0.352671	-0.48541	
-0.303333	0.399694	-0.550132	
-0.356667	0.423205	-0.582492	
-0.413333	0.577099	-0.419287	
-0.446667	0.539345	-0.391857	
-0.46	0.490804	-0.35659	
-0.433333	0.447656	-0.325241	
-0.373333	0.426082	-0.309567	
-0.306667	0.442263	-0.321323	
-0.26	0.48541	-0.352671	
-0.273333	0.550132	-0.399694	
-0.326667	0.582492	-0.423205	
-0.383333	0.67842	-0.220432	
-0.416667	0.634038	-0.206011	
-0.43	0.576974	-0.18747	
-0.403333	0.526251	-0.170989	
-0.343333	0.50089	-0.162749	
-0.276667	0.519911	-0.168929	
-0.23	0.570634	-0.18541	
-0.243333	0.646718	-0.210132	
-0.296667	0.684761	-0.222492	
-0.353333	0.713333	5.9979e-10	
-0.386667	0.666667	5.60551e-10	
-0.4	0.606667	5.10102e-10	
-0.373333	0.553333	4.65258e-10	
-0.313333	0.526667	4.42836e-10	
-0.246667	0.546667	4.59652e-10	
-0.2	0.6	5.04496e-10	
-0.213333	0.68	5.71762e-10	
-0.266667	0.72	6.05396e-10	
-0.323333	0.67842	0.220432	
-0.356667	0.634038	0.206011	
-0.37	0.576974	0.18747	
-0.343333	0.526251	0.170989	
-0.283333	0.50089	0.162749	
-0.216667	0.519911	0.168929	
-0.17	0.570634	0.18541	
-0.183333	0.646718	0.210132	
-0.236667	0.684761	0.222492	
-0.293333	0.577099	0.419287	
-0.326667	0.539345	0.391857	
-0.34	0.490804	0.35659	
-0.313333	0.447656	0.325241	
-0.253333	0.426082	0.309567	
-0.186667	0.442263	0.321323	
-0.14	0.48541	0.352671	
-0.153333	0.550132	0.399694	
-0.206667	0.582492	0.423205	
-0.263333	0.419287	0.577099	
-0.296667	0.391857	0.539345	
-0.31	0.35659	0.490804	
-0.283333	0.325241	0.447656	
-0.223333	0.309567	0.426082	
-0.156667	0.321323	0.442263	
-0.11	0.352671	0.48541	
-0.123333	0.399694	0.550132	
-0.176667	0.423205	0.582492	
-0.233333	0.220432	0.67842	
-0.266667	0.206011	0.634038	
-0.28	0.18747	0.576974	
-0.253333	0.170989	0.526251	
-0.193333	0.162749	0.50089	
-0.126667	0.168929	0.519911	
-0.0799999	0.18541	0.570634	
-0.0933332	0.210132	0.646718	
-0.146667	0.222492	0.684761	
-0.203333	-6.74764e-10	0.713333	
-0.236667	-6.3062e-10	0.666667	
-0.25	-5.73865e-10	0.606667	
-0.223333	-5.23415e-10	0.553333	
-0.163333	-4.9819e-10	0.526667	
-0.0966666	-5.17109e-10	0.546667	
-0.05	-5.67558e-10	0.6	
-0.0633333	-6.43233e-10	0.68	
-0.116667	-6.8107e-10	0.72	
-0.173333	-0.220432	0.67842	
-0.206667	-0.206011	0.634038	
-0.22	-0.18747	0.576974	
-0.193333	-0.170989	0.526251	
-0.133333	-0.162749	0.50089	
-0.0666666	-0.168929	0.519911	
-0.02	-0.18541	0.570634	
-0.0333333	-0.210132	0.646718	
-0.0866666	-0.222492	0.684761	
-0.143333	-0.419287	0.577099	
-0.176667	-0.391857	0.539345	
-0.19	-0.35659	0.490804	
-0.163333	-0.325241	0.447656	
-0.103333	-0.309567	0.426082	
-0.0366666	-0.321323	0.442263	
0.00999999	-0.352671	0.48541	
-0.00333333	-0.399694	0.550132	
-0.0566667	-0.423205	0.582492	
-0.113333	-0.577099	0.419287	
-0.146667	-0.539345	0.391857	
-0.16	-0.490804	0.35659	
-0.133333	-0.447656	0.325241	
-0.0733332	-0.426082	0.309567	
-0.00666654	-0.442263	0.321323	
0.0400001	-0.48541	0.352671	
0.0266668	-0.550132	0.399694	
-0.0266666	-0.582492	0.423205	
-0.0833333	-0.67842	0.220432	
-0.116667	-0.634038	0.206011	
-0.13	-0.576974	0.18747	
-0.103333	-0.526251	0.170989	
-0.0433332	-0.50089	0.162749	
0.0233334	-0.519911	0.168929	
0.0700001	-0.570634	0.18541	
0.0566667	-0.646718	0.210132	
0.00333339	-0.684761	0.222492	
-0.0533333	-0.713333	-7.49737e-10	
-0.0866666	-0.666667	-7.00689e-10	
-0.1	-0.606667	-6.37627e-10	
-0.0733333	-0.553333	-5.81572e-10	
-0.0133333	-0.526667	-5.53544e-10	
0.0533334	-0.546667	-5.74565e-10	
0.1	-0.6	-6.3062e-10	
0.0866667	-0.68	-7.14703e-10	
0.0333334	-0.72	-7.56744e-10	
-0.0233333	-0.67842	-0.220432	
-0.0566667	-0.634038	-0.206011	
-0.07	-0.576974	-0.18747	
-0.0433333	-0.526251	-0.170989	
0.0166667	-0.50089	-0.162749	
0.0833334	-0.519911	-0.168929	
0.13	-0.570634	-0.18541	
0.116667	-0.646718	-0.210132	
0.0633333	-0.684761	-0.222492	
0.00666666	-0.577099	-0.419287	
-0.0266667	-0.539345	-0.391857	
-0.04	-0.490804	-0.35659	
-0.0133333	-0.447656	-0.325241	
0.0466667	-0.426082	-0.309567	
0.113333	-0.442263	-0.321323	
0.16	-0.48541	-0.352671	
0.146667	-0.550132	-0.399694	
0.0933333	-0.582492	-0.423205	
0.0366668	-0.419287	-0.577099	
0.00333339	-0.391857	-0.539345	
-0.00999993	-0.35659	-0.490804	
0.0166668	-0.325241	-0.447656	
0.0766668	-0.309567	-0.426082	
0.143333	-0.321323	-0.442263	
0.19	-0.352671	-0.48541	
0.176667	-0.399694	-0.550132	
0.123333	-0.423205	-0.582492	
0.0666667	-0.220432	-0.67842	
0.0333334	-0.206011	-0.634038	
0.02	-0.18747	-0.576974	
0.0466667	-0.170989	-0.526251	
0.106667	-0.162749	-0.50089	
0.173333	-0.168929	-0.519911	
0.22	-0.18541	-0.570634	
0.206667	-0.210132	-0.646718	
0.153333	-0.222492	-0.684761	
0.0966667	8.24712e-10	-0.713333	
0.0633333	7.70759e-10	-0.666667	
0.05	7.0139e-10	-0.606667	
0.0766667	6.3973e-10	-0.553333	
0.136667	6.08899e-10	-0.526667	
0.203333	6.32022e-10	-0.546667	
0.25	6.93683e-10	-0.6	
0.236667	7.86174e-10	-0.68	
0.183333	8.32419e-10	-0.72	
0.126667	0.220432	-0.67842	
0.0933333	0.206011	-0.634038	
0.08	0.18747	-0.576974	
0.106667	0.170989	-0.526251	
0.166667	0.162749	-0.50089	
0.233333	0.168929	-0.519911	
0.28	0.18541	-0.570634	
0.266667	0.210132	-0.646718	
0.213333	0.222492	-0.684761	
0.156667	0.419287	-0.577099	
0.123333	0.391857	-0.539345	
0.11	0.35659	-0.490804	
0.136667	0.325241	-0.447656	
0.196667	0.309567	-0.426082	
0.263333	0.321323	-0.442263	
0.31	0.352671	-0.48541	
0.296667	0.399694	-0.550132	
0.243333	0.423205	-0.582492	
0.186667	0.577099	-0.419287	
0.153333	0.539345	-0.391857	
0.14	0.490804	-0.35659	
0.166667	0.447656	-0.325241	
0.226667	0.426082	-0.309567	
0.293333	0.442263	-0.321323	
0.34	0.48541	-0.352671	
0.326667	0.550132	-0.399694	
0.273333	0.582492	-0.423205	
0.216667	0.67842	-0.220432	
0.183333	0.634038	-0.206011	
0.17	0.576974	-0.18747	
0.196667	0.526251	-0.170989	
0.256667	0.50089	-0.162749	
0.323333	0.519911	-0.168929	
0.37	0.570634	-0.18541	
0.356667	0.646718	-0.210132	
0.303333	0.684761	-0.222492	
0.246667	0.713333	8.99685e-10	
0.213333	0.666667	8.40827e-10	
0.2	0.606667	7.65153e-10	
0.226667	0.553333	6.97887e-10	
0.286667	0.526667	6.64253e-10	
0.353333	0.546667	6.89478e-10	
0.4	0.6	7.56745e-10	
0.386667	0.68	8.57644e-10	
0.333333	0.72	9.08093e-10	
0.276667	0.67842	0.220432	
0.243333	0.634038	0.206011	
0.23	0.576974	0.18747	
0.256667	0.526251	0.170989	
0.316667	0.50089	0.162749	
0.383334	0.519911	0.168929	
0.43	0.570634	0.18541	
0.416667	0.646718	0.210132	
0.363333	0.684761	0.222492	
0.306667	0.577099	0.419287	
0.273333	0.539345	0.391857	
0.26	0.490804	0.35659	
0.286667	0.447656	0.325241	
0.346667	0.426082	0.309567	
0.413333	0.442263	0.321323	
0.46	0.48541	0.352671	
0.446667	0.550132	0.399694	
0.393333	0.582492	0.423205	
0.336667	0.419287	0.577099	
0.303333	0.391857	0.539345	
0.29	0.35659	0.490804	
0.316667	0.325241	0.447656	
0.376667	0.309567	0.426082	
0.443333	0.321323	0.442263	
0.49	0.352671	0.48541	
0.476667	0.399694	0.550132	
0.423333	0.423205	0.582492	
0.366667	0.220432	0.67842	
0.333333	0.206011	0.634038	
0.32	0.18747	0.576974	
0.346667	0.170989	0.526251	
0.406667	0.162749	0.50089	
0.473333	0.168929	0.519911	
0.52	0.18541	0.570634	
0.506667	0.210132	0.646718	
0.453333	0.222492	0.684761	
0.396667	-9.74659e-10	0.713333	
0.363333	-9.10896e-10	0.666667	
0.35	-8.28915e-10	0.606667	
0.376667	-7.56044e-10	0.553333	
0.436667	-7.19608e-10	0.526667	
0.503334	-7.46935e-10	0.546667	
0.55	-8.19806e-10	0.6	
0.536667	-9.29114e-10	0.68	
0.483333	-9.83768e-10	0.72	
0.426667	-0.220432	0.67842	
0.393333	-0.206011	0.634038	
0.38	-0.18747	0.576974	
0.406667	-0.170989	0.526251	
0.466667	-0.162749	0.50089	
0.533333	-0.168929	0.519911	
0.58	-0.18541	0.570634	
0.566667	-0.210132	0.646718	
0.513333	-0.222492	0.684761	
0.456667	-0.419287	0.577099	
0.423333	-0.391857	0.539345	
0.41	-0.35659	0.490804	
0.436667	-0.325241	0.447656	
0.496667	-0.309567	0.426082	
0.563333	-0.321323	0.442263	
0.61	-0.352671	0.48541	
0.596667	-0.399694	0.550132	
0.543333	-0.423205	0.582492	
0.486667	-0.577099	0.419287	
0.453333	-0.539345	0.391857	
0.44	-0.490804	0.35659	
0.466667	-0.447656	0.325241	
0.526667	-0.426082	0.309567	
0.593333	-0.442263	0.321323	
0.64	-0.48541	0.352671	
0.626667	-0.550132	0.399694	
0.573333	-0.582492	0.423205	
0.516667	-0.67842	0.220432	
0.483333	-0.634038	0.206011	
0.47	-0.576974	0.18747	
0.496667	-0.526251	0.170989	
0.556667	-0.50089	0.162749	
0.623333	-0.519911	0.168929	
0.67	-0.570634	0.18541	
0.656667	-0.646718	0.210132	
0.603333	-0.684761	0.222492	
0.546667	-0.713333	-1.04963e-09	
0.513333	-0.666667	-9.80965e-10	
0.5	-0.606667	-8.92678e-10	
0.526667	-0.553333	-8.14201e-10	
0.586667	-0.526667	-7.74962e-10	
0.653333	-0.546667	-8.04391e-10	
0.7	-0.6	-8.82868e-10	
0.686667	-0.68	-1.00058e-09	
0.633333	-0.72	-1.05944e-09	
0.576667	-0.67842	-0.220432	
0.543333	-0.634038	-0.206011	
0.53	-0.576974	-0.18747	
0.556667	-0.526251	-0.170989	
0.616667	-0.50089	-0.162749	
0.683334	-0.519911	-0.168929	
0.73	-0.570634	-0.18541	
0.716667	-0.646718	-0.210132	
0.663333	-0.684761	-0.222492	
0.606667	-0.577099	-0.419287	
0.573333	-0.539345	-0.391857	
0.56	-0.490804	-0.35659	
0.586667	-0.447656	-0.325241	
0.646667	-0.426082	-0.309567	
0.713334	-0.442263	-0.321323	
0.76	-0.48541	-0.352671	
0.746667	-0.550132	-0.399694	
0.693333	-0.582492	-0.423205	
0.636667	-0.419287	-0.577099	
0.603333	-0.391857	-0.539345	
0.59	-0.35659	-0.490804	
0.616667	-0.325241	-0.447656	
0.676667	-0.309567	-0.426082	
0.743334	-0.321323	-0.442263	
0.79	-0.352671	-0.48541	
0.776667	-0.399694	-0.550132	
0.723333	-0.423205	-0.582492	
0.666667	-0.220432	-0.67842	
0.633333	-0.206011	-0.634038	
0.62	-0.18747	-0.576974	
0.646667	-0.170989	-0.526251	
0.706667	-0.162749	-0.50089	
0.773333	-0.168929	-0.519911	
0.82	-0.18541	-0.570634	
0.806667	-0.210132	-0.646718	
0.753333	-0.222492	-0.684761	
0.696667	1.12461e-09	-0.713333	
0.663333	1.05103e-09	-0.666667	
0.65	9.56441e-10	-0.606667	
0.676667	8.72358e-10	-0.553333	
0.736667	8.30317e-10	-0.526667	
0.803333	8.61848e-10	-0.546667	
0.85	9.45931e-10	-0.6	
0.836667	1.07205e-09	-0.68	
0.783333	1.13512e-09	-0.72	
0.726667	0.220432	-0.67842	
0.693333	0.206011	-0.634038	
0.68	0.18747	-0.576974	
0.706667	0.170989	-0.526251	
0.766667	0.162749	-0.50089	
0.833333	0.168929	-0.519911	
0.88	0.18541	-0.570634	
0.866667	0.210132	-0.646718	
0.813333	0.222492	-0.684761	
0.756667	0.419287	-0.577099	
0.723333	0.391857	-0.539345	
0.71	0.35659	-0.490804	
0.736667	0.325241	-0.447656	
0.796667	0.309567	-0.426082	
0.863333	0.321323	-0.442263	
0.91	0.352671	-0.48541	
0.896667	0.399694	-0.550132	
0.843333	0.423205	-0.582492	
0.786667	0.577099	-0.419287	
0.753333	0.539345	-0.391857	
0.74	0.490804	-0.35659	
0.766667	0.447656	-0.325241	
0.826667	0.426082	-0.309567	
0.893333	0.442263	-0.321323	
0.94	0.48541	-0.352671	
0.926667	0.550132	-0.399694	
0.873333	0.582492	-0.423205	
0.816667	0.67842	-0.220432	
0.783333	0.634038	-0.206011	
0.77	0.576974	-0.18747	
0.796667	0.526251	-0.170989	
0.856667	0.50089	-0.162749	
0.923333	0.519911	-0.168929	
0.97	0.570634	-0.18541	
0.956667	0.646718	-0.210132	
0.903333	0.684761	-0.222492	
0.846667	0.713333	1.19958e-09	
0.813333	0.666667	1.1211e-09	
0.8	0.606667	1.0202e-09	
0.826667	0.553333	9.30515e-10	
0.886667	0.526667	8.85671e-10	
0.953334	0.546667	9.19304e-10	
1	0.6	1.00899e-09	
0.986667	0.68	1.14352e-09	
0.933333	0.72	1.21079e-09	
0.876667	0.67842	0.220432	
0.843333	0.634038	0.206011	
0.83	0.576974	0.18747	
0.856667	0.526251	0.170989	
0.916667	0.50089	0.162749	
0.983334	0.519911	0.168929	
1.03	0.570634	0.18541	
1.01667	0.646718	0.210132	
0.963333	0.684761	0.222492	
0.906667	0.577099	0.419287	
0.873333	0.539345	0.391857	
0.86	0.490804	0.35659	
0.886667	0.447656	0.325241	
0.946667	0.426082	0.309567	
1.01333	0.442263	0.321323	
1.06	0.48541	0.352671	
1.04667	0.550132	0.399694	
0.993333	0.582492	0.423205	
0.936667	0.419287	0.577099	
0.903333	0.391857	0.539345	
0.89	0.35659	0.490804	
0.916667	0.325241	0.447656	
0.976667	0.309567	0.426082	
1.04333	0.321323	0.442263	
1.09	0.352671	0.48541	
1.07667	0.399694	0.550132	
1.02333	0.423205	0.582492	
0.966667	0.220432	0.67842	
0.933333	0.206011	0.634038	
0.92	0.18747	0.576974	
0.946667	0.170989	0.526251	
1.00667	0.162749	0.50089	
1.07333	0.168929	0.519911	
1.12	0.18541	0.570634	
1.10667	0.210132	0.646718	
1.05333	0.222492	0.684761	
0.996667	-1.27455e-09	0.713333	
0.963333	-1.19117e-09	0.666667	
0.95	-1.08397e-09	0.606667	
0.976667	-9.88673e-10	0.553333	
1.03667	-9.41026e-10	0.526667	
1.10333	-9.76761e-10	0.546667	
1.15	-1.07206e-09	0.6	
1.13667	-1.215e-09	0.68	
1.08333	-1.28647e-09	0.72	
1.02667	-0.220432	0.67842	
0.993333	-0.206011	0.634038	
0.98	-0.18747	0.576974	
1.00667	-0.170989	0.526251	
1.06667	-0.162749	0.50089	
1.13333	-0.168929	0.519911	
1.18	-0.18541	0.570634	
1.16667	-0.210132	0.646718	
1.11333	-0.222492	0.684761	
1.05667	-0.419287	0.577099	
1.02333	-0.391857	0.539345	
1.01	-0.35659	0.490804	
1.03667	-0.325241	0.447656	
1.09667	-0.309567	0.426082	
1.16333	-0.321323	0.442263	
1.21	-0.352671	0.48541	
1.19667	-0.399694	0.550132	
1.14333	-0.423205	0.582492	
1.08667	-0.577099	0.419287	
1.05333	-0.539345	0.391857	
1.04	-0.490804	0.35659	
1.06667	-0.447656	0.325241	
1.12667	-0.426082	0.309567	
1.19333	-0.442263	0.321323	
1.24	-0.48541	0.352671	
1.22667	-0.550132	0.399694	
1.17333	-0.582492	0.423205	
1.11667	-0.67842	0.220432	
1.08333	-0.634038	0.206011	
1.07	-0.576974	0.18747	
1.09667	-0.526251	0.170989	
1.15667	-0.50089	0.162749	
1.22333	-0.519911	0.168929	
1.27	-0.570634	0.18541	
1.25667	-0.646718	0.210132	
1.20333	-0.684761	0.222492	
1.14667	-0.713333	-1.34953e-09	
1.11333	-0.666667	-1.26124e-09	
1.1	-0.606667	-1.14773e-09	
1.12667	-0.553333	-1.04683e-09	
1.18667	-0.526667	-9.9638e-10	
1.25333	-0.546667	-1.03422e-09	
1.3	-0.6	-1.13512e-09	
1.28667	-0.68	-1.28647e-09	
1.23333	-0.72	-1.36214e-09	
1.17667	-0.67842	-0.220432	
1.14333	-0.634038	-0.206011	
1.13	-0.576974	-0.18747	
1.15667	-0.526251	-0.170989	
1.21667	-0.50089	-0.162749	
1.28333	-0.519911	-0.168929	
1.33	-0.570634	-0.18541	
1.31667	-0.646718	-0.210132	
1.26333	-0.684761	-0.222492	
1.20667	-0.577099	-0.419287	
1.17333	-0.539345	-0.391857	
1.16	-0.490804	-0.35659	
1.18667	-0.447656	-0.325241	
1.24667	-0.426082	-0.309567	
1.31333	-0.442263	-0.321323	
1.36	-0.48541	-0.352671	
1.34667	-0.550132	-0.399694	
1.29333	-0.582492	-0.423205	
1.23667	-0.419287	-0.577099	
1.20333	-0.391857	-0.539345	
1.19	-0.35659	-0.490804	
1.21667	-0.325241	-0.447656	
1.27667	-0.309567	-0.426082	
1.34333	-0.321323	-0.442263	
1.39	-0.352671	-0.48541	
1.37667	-0.399694	-0.550132	
1.32333	-0.423205	-0.582492	
1.26667	-0.220432	-0.67842	
1.23333	-0.206011	-0.634038	
1.22	-0.18747	-0.576974	
1.24667	-0.170989	-0.526251	
1.30667	-0.162749	-0.50089	
1.37333	-0.168929	-0.519911	
1.42	-0.18541	-0.570634	
1.40667	-0.210132	-0.646718	
1.35333	-0.222492	-0.684761	
1.29667	1.4245e-09	-0.713333	
1.26333	1.33131e-09	-0.666667	
1.25	1.21149e-09	-0.606667	
1.27667	1.10499e-09	-0.553333	
1.33667	1.05173e-09	-0.526667	
1.40333	1.09167e-09	-0.546667	
1.45	1.19818e-09	-0.6	
1.43667	1.35794e-09	-0.68	
1.38333	1.43781e-09	-0.72	
1.32667	0.220432	-0.67842	
1.29333	0.206011	-0.634038	
1.28	0.18747	-0.576974	
1.30667	0.170989	-0.526251	
1.36667	0.162749	-0.50089	
1.43333	0.168929	-0.519911	
1.48	0.18541	-0.570634	
1.46667	0.210132	-0.646718	
1.41333	0.222492	-0.684761	
1.35667	0.419287	-0.577099	
1.32333	0.391857	-0.539345	
1.31	0.35659	-0.490804	
1.33667	0.325241	-0.447656	
1.39667	0.309567	-0.426082	
1.46333	0.321323	-0.442263	
1.51	0.352671	-0.48541	
1.49667	0.399694	-0.550132	
1.44333	0.423205	-0.582492	
1.38667	0.577099	-0.419287	
1.35333	0.539345	-0.391857	
1.34	0.490804	-0.35659	
1.36667	0.447656	-0.325241	
1.42667	0.426082	-0.309567	
1.49333	0.442263	-0.321323	
1.54	0.48541	-0.352671	
1.52667	0.550132	-0.399694	
1.47333	0.582492	-0.423205	
1.41667	0.67842	-0.220432	
1.38333	0.634038	-0.206011	
1.37	0.576974	-0.18747	
1.39667	0.526251	-0.170989	
1.45667	0.50089	-0.162749	
1.52333	0.519911	-0.168929	
1.57	0.570634	-0.18541	
1.55667	0.646718	-0.210132	
1.50333	0.684761	-0.222492	
1.44667	0.713333	1.49947e-09	
1.41333	0.666667	1.40138e-09	
1.4	0.606667	1.27525e-09	
1.42667	0.553333	1.16314e-09	
1.48667	0.526667	1.10709e-09	
1.55333	0.546667	1.14913e-09	
1.6	0.6	1.26124e-09	
1.58667	0.68	1.42941e-09	
1.53333	0.72	1.51349e-09	
3 1 1    11    2    
3 1 11    1    10    
3 1 2    12    3    
3 1 12    2    11    
3 1 3    13    4    
3 1 13    3    12    
3 1 4    14    5    
3 1 14    4    13    
3 1 5    15    6    
3 1 15    5    14    
3 1 6    16    7    
3 1 16    6    15    
3 1 7    17    8    
3 1 17    7    16    
3 1 8    18    9    
3 1 18    8    17    
3 1 9    10    1    
3 1 10    9    18    
3 1 10    20    11    
3 1 20    10    19    
3 1 11    21    12    
3 1 21    11    20    
3 1 12    22    13    
3 1 22    12    21    
3 1 13    23    14    
3 1 23    13    22    
3 1 14    24    15    
3 1 24    14    23    
3 1 15    25    16    
3 1 25    15    24    
3 1 16    26    17    
3 1 26    16    25    
3 1 17    27    18    
3 1 27    17    26    
3 1 18    19    10    
3 1 19    18    27    
3 1 19    29    20    
3 1 29    19    28    
3 1 20    30    21    
3 1 30    20    29    
3 1 21    31    22    
3 1 31    21    30    
3 1 22    32    23    
3 1 32    22    31    
3 1 23    33    24    
3 1 33    23    32    
3 1 24    34    25    
3 1 34    24    33    
3 1 25    35    26    
3 1 35    25    34    
3 1 26    36    27    
3 1 36    26    35    
3 1 27    28    19    
3 1 28    27    36    
3 1 28    38    29    
3 1 38    28    37    
3 1 29    39    30    
3 1 39    29    38    
3 1 30    40    31    
3 1 40    30    39    
3 1 31    41    32    
3 1 41    31    40    
3 1 32    42    33    
3 1 42    32    41    
3 1 33    43    34    
3 1 43    33    42    
3 1 34    44    35    
3 1 44    34    43    
3 1 35    45    36    
3 1 45    35    44    
3 1 36    37    28    
3 1 37    36    45    
3 1 37    47    38    
3 1 47    37    46    
3 1 38    48    39    
3 1 48    38    47    
3 1 39    49    40    
3 1 49    39    48    
3 1 40    50    41    
3 1 50    40    49    
3 1 41    51    42    
3 1 51    41    50    
3 1 42    52    43    
3 1 52    42    51    
3 1 43    53    44    
3 1 53    43    52    
3 1 44    54    45    
3 1 54    44    53    
3 1 45    46    37    
3 1 46    45    54    
3 1 46    56    47    
3 1 56    46    55    
3 1 47    57    48    
3 1 57    47    56    
3 1 48    58    49    
3 1 58    48    57    
3 1 49    59    50    
3 1 59    49    58    
3 1 50    60    51    
3 1 60    50    59    
3 1 51    61    52    
3 1 61    51    60    
3 1 52    62    53    
3 1 62    52    61    
3 1 53    63    54    
3 1 63    53    62    
3 1 54    55    46    
3 1 55    54    63    
3 1 55    65    56    
3 1 65    55    64    
3 1 56    66    57    
3 1 66    56    65    
3 1 57    67    58    
3 1 67    57    66    
3 1 58    68    59    
3 1 68    58    67    
3 1 59    69    60    
3 1 69    59    68    
3 1 60    70    61    
3 1 70    60    69    
3 1 61    71    62    
3 1 71    61    70    
3 1 62    72    63    
3 1 72    62    71    
3 1 63    64    55    
3 1 64    63    72    
3 1 64    74    65    
3 1 74    64    73    
3 1 65    75    66    
3 1 75    65    74    
3 1 66    76    67    
3 1 76    66    75    
3 1 67    77    68    
3 1 77    67    76    
3 1 68    78    69    
3 1 78    68    77    
3 1 69    79    70    
3 1 79    69    78    
3 1 70    80    71    
3 1 80    70    79    
3 1 71    81    72    
3 1 81    71    80    
3 1 72    73    64    
3 1 73    72    81    
3 1 73    83    74    
3 1 83    73    82    
3 1 74    84    75    
3 1 84    74    83    
3 1 75    85    76    
3 1 85    75    84    
3 1 76    86    77    
3 1 86    76    85    
3 1 77    87    78    
3 1 87    77    86    
3 1 78    88    79    
3 1 88    78    87    
3 1 79    89    80    
3 1 89    79    88    
3 1 80    90    81    
3 1 90    80    89    
3 1 81    82    73    
3 1 82    81    90    
3 1 82    92    83    
3 1 92    82    91    
3 1 83    93    84    
3 1 93    83    92    
3 1 84    94    85    
3 1 94    84    93    
3 1 85    95    86    
3 1 95    85    94    
3 1 86    96    87    
3 1 96    86    95    
3 1 87    97    88    
3 1 97    87    96    
3 1 88    98    89    
3 1 98    88    97    
3 1 89    99    90    
3 1 99    89    98    
3 1 90    91    82    
3 1 91    90    99    
3 1 91    101    92    
3 1 101    91    100    
3 1 92    102    93    
3 1 102    92    101    
3 1 93    103    94    
3 1 103    93    102    
3 1 94    104    95    
3 1 104    94    103    
3 1 95    105    96    
3 1 105    95    104    
3 1 96    106    97    
3 1 106    96    105    
3 1 97    107    98    
3 1 107    97    106    
3 1 98    108    99    
3 1 108    98    107    
3 1 99    100    91    
3 1 100    99    108    
3 1 100    110    101    
3 1 110    100    109    
3 1 101    111    102    
3 1 111    101    110    
3 1 102    112    103    
3 1 112    102    111    
3 1 103    113    104    
3 1 113    103    112    
3 1 104    114    105    
3 1 114    104    113    
3 1 105    115    106    
3 1 115    105    114    
3 1 106    116    107    
3 1 116    106    115    
3 1 107    117    108    
3 1 117    107    116    
3 1 108    109    100    
3 1 109    108    117    
3 1 109    119    110    
3 1 119    109    118    
3 1 110    120    111    
3 1 120    110    119    
3 1 111    121    112    
3 1 121    111    120    
3 1 112    122    113    
3 1 122    112    121    
3 1 113    123    114    
3 1 123    113    122    
3 1 114    124    115    
3 1 124    114    123    
3 1 115    125    116    
3 1 125    115    124    
3 1 116    126    117    
3 1 126    116    125    
3 1 117    118    109    
3 1 118    117    126    
3 1 118    128    119    
3 1 128    118    127    
3 1 119    129    120    
3 1 129    119    128    
3 1 120    130    121    
3 1 130    120    129    
3 1 121    131    122    
3 1 131    121    130    
3 1 122    132    123    
3 1 132    122    131    
3 1 123    133    124    
3 1 133    123    132    
3 1 124    134    125    
3 1 134    124    133    
3 1 125    135    126    
3 1 135    125    134    
3 1 126    127    118    
3 1 127    126    135    
3 1 127    137    128    
3 1 137    127    136    
3 1 128    138    129    
3 1 138    128    137    
3 1 129    139    130    
3 1 139    129    138    
3 1 130    140    131    
3 1 140    130    139    
3 1 131    141    132    
3 1 141    131    140    
3 1 132    142    133    
3 1 142    132    141    
3 1 133    143    134    
3 1 143    133    142    
3 1 134    144    135    
3 1 144    134    143    
3 1 135    136    127    
3 1 136    135    144    
3 1 136    146    137    
3 1 146    136    145    
3 1 137    147    138    
3 1 147    137    146    
3 1 138    148    139    
3 1 148    138    147    
3 1 139    149    140    
3 1 149    139    148    
3 1 140    150    141    
3 1 150    140    149    
3 1 141    151    142    
3 1 151    141    150    
3 1 142    152    143    
3 1 152    142    151    
3 1 143    153    144    
3 1 153    143    152    
3 1 144    145    136    
3 1 145    144    153    
3 1 145    155    146    
3 1 155    145    154    
3 1 146    156    147    
3 1 156    146    155    
3 1 147    157    148    
3 1 157    147    156    
3 1 148    158    149    
3 1 158    148    157    
3 1 149    159    150    
3 1 159    149    158    
3 1 150    160    151    
3 1 160    150    159    
3 1 151    161    152    
3 1 161    151    160    
3 1 152    162    153    
3 1 162    152    161    
3 1 153    154    145    
3 1 154    153    162    
3 1 154    164    155    
3 1 164    154    163    
3 1 155    165    156    
3 1 165    155    164    
3 1 156    166    157    
3 1 166    156    165    
3 1 157    167    158    
3 1 167    157    166    
3 1 158    168    159    
3 1 168    158    167    
3 1 159    169    160    
3 1 169    159    168    
3 1 160    170    161    
3 1 170    160    169    
3 1 161    171    162    
3 1 171    161    170    
3 1 162    163    154    
3 1 163    162    171    
3 1 163    173    164    
3 1 173    163    172    
3 1 164    174    165    
3 1 174    164    173    
3 1 165    175    166    
3 1 175    165    174    
3 1 166    176    167    
3 1 176    166    175    
3 1 167    177    168    
3 1 177    167    176    
3 1 168    178    169    
3 1 178    168    177    
3 1 169    179    170    
3 1 179    169    178    
3 1 170    180    171    
3 1 180    170    179    
3 1 171    172    163    
3 1 172    171    180    
3 1 172    182    173    
3 1 182    172    181    
3 1 173    183    174    
3 1 183    173    182    
3 1 174    184    175    
3 1 184    174    183    
3 1 175    185    176    
3 1 185    175    184    
3 1 176    186    177    
3 1 186    176    185    
3 1 177    187    178    
3 1 187    177    186    
3 1 178    188    179    
3 1 188    178    187    
3 1 179    189    180    
3 1 189    179    188    
3 1 180    181    172    
3 1 181    180    189    
3 1 181    191    182    
3 1 191    181    190    
3 1 182    192    183    
3 1 192    182    191    
3 1 183    193    184    
3 1 193    183    192    
3 1 184    194    185    
3 1 194    184    193    
3 1 185    195    186    
3 1 195    185    194    
3 1 186    196    187    
3 1 196    186    195    
3 1 187    197    188    
3 1 197    187    196    
3 1 188    198    189    
3 1 198    188    197    
3 1 189    190    181    
3 1 190    189    198    
3 1 190    200    191    
3 1 200    190    199    
3 1 191    201    192    
3 1 201    191    200    
3 1 192    202    193    
3 1 202    192    201    
3 1 193    203    194    
3 1 203    193    202    
3 1 194    204    195    
3 1 204    194    203    
3 1 195    205    196    
3 1 205    195    204    
3 1 196    206    197    
3 1 206    196    205    
3 1 197    207    198    
3 1 207    197    206    
3 1 198    199    190    
3 1 199    198    207    
3 1 199    209    200    
3 1 209    199    208    
3 1 200    210    201    
3 1 210    200    209    
3 1 201    211    202    
3 1 211    201    210    
3 1 202    212    203    
3 1 212    202    211    
3 1 203    213    204    
3 1 213    203    212    
3 1 204    214    205    
3 1 214    204    213    
3 1 205    215    206    
3 1 215    205    214    
3 1 206    216    207    
3 1 216    206    215    
3 1 207    208    199    
3 1 208    207    216    
3 1 208    218    209    
3 1 218    208    217    
3 1 209    219    210    
3 1 219    209    218    
3 1 210    220    211    
3 1 220    210    219    
3 1 211    221    212    
3 1 221    211    220    
3 1 212    222    213    
3 1 222    212    221    
3 1 213    223    214    
3 1 223    213    222    
3 1 214    224    215    
3 1 224    214    223    
3 1 215    225    216    
3 1 225    215    224    
3 1 216    217    208    
3 1 217    216    225    
3 1 217    227    218    
3 1 227    217    226    
3 1 218    228    219    
3 1 228    218    227    
3 1 219    229    220    
3 1 229    219    228    
3 1 220    230    221    
3 1 230    220    229    
3 1 221    231    222    
3 1 231    221    230    
3 1 222    232    223    
3 1 232    222    231    
3 1 223    233    224    
3 1 233    223    232    
3 1 224    234    225    
3 1 234    224    233    
3 1 225    226    217    
3 1 226    225    234    
3 1 226    236    227    
3 1 236    226    235    
3 1 227    237    228    
3 1 237    227    236    
3 1 228    238    229    
3 1 238    228    237    
3 1 229    239    230    
3 1 239    229    238    
3 1 230    240    231    
3 1 240    230    239    
3 1 231    241    232    
3 1 241    231    240    
3 1 232    242    233    
3 1 242    232    241    
3 1 233    243    234    
3 1 243    233    242    
3 1 234    235    226    
3 1 235    234    243    
3 1 235    245    236    
3 1 245    235    244    
3 1 236    246    237    
3 1 246    236    245    
3 1 237    247    238    
3 1 247    237    246    
3 1 238    248    239    
3 1 248    238    247    
3 1 239    249    240    
3 1 249    239    248    
3 1 240    250    241    
3 1 250    240    249    
3 1 241    251    242    
3 1 251    241    250    
3 1 242    252    243    
3 1 252    242    251    
3 1 243    244    235    
3 1 244    243    252    
3 1 244    254    245    
3 1 254    244    253    
3 1 245    255    246    
3 1 255    245    254    
3 1 246    256    247    
3 1 256    246    255    
3 1 247    257    248    
3 1 257    247    256    
3 1 248    258    249    
3 1 258    248    257    
3 1 249    259    250    
3 1 259    249    258    
3 1 250    260    251    
3 1 260    250    259    
3 1 251    261    252    
3 1 261    251    260    
3 1 252    253    244    
3 1 253    252    261    
3 1 253    263    254    
3 1 263    253    262    
3 1 254    264    255    
3 1 264    254    263    
3 1 255    265    256    
3 1 265    255    264    
3 1 256    266    257    
3 1 266    256    265    
3 1 257    267    258    
3 1 267    257    266    
3 1 258    268    259    
3 1 268    258    267    
3 1 259    269    260    
3 1 269    259    268    
3 1 260    270    261    
3 1 270    260    269    
3 1 261    262    253    
3 1 262    261    270    
3 1 262    272    263    
3 1 272    262    271    
3 1 263    273    264    
3 1 273    263    272    
3 1 264    274    265    
3 1 274    264    273    
3 1 265    275    266    
3 1 275    265    274    
3 1 266    276    267    
3 1 276    266    275    
3 1 267    277    268    
3 1 277    267    276    
3 1 268    278    269    
3 1 278    268    277    
3 1 269    279    270    
3 1 279    269    278    
3 1 270    271    262    
3 1 271    270    279    
3 1 271    281    272    
3 1 281    271    280    
3 1 272    282    273    
3 1 282    272    281    
3 1 273    283    274    
3 1 283    273    282    
3 1 274    284    275    
3 1 284    274    283    
3 1 275    285    276    
3 1 285    275    284    
3 1 276    286    277    
3 1 286    276    285    
3 1 277    287    278    
3 1 287    277    286    
3 1 278    288    279    
3 1 288    278    287    
3 1 279    280    271    
3 1 280    279    288    
3 1 280    290    281    
3 1 290    280    289    
3 1 281    291    282    
3 1 291    281    290    
3 1 282    292    283    
3 1 292    282    291    
3 1 283    293    284    
3 1 293    283    292    
3 1 284    294    285    
3 1 294    284    293    
3 1 285    295    286    
3 1 295    285    294    
3 1 286    296    287    
3 1 296    286    295    
3 1 287    297    288    
3 1 297    287    296    
3 1 288    289    280    
3 1 289    288    297    
3 1 289    299    290    
3 1 299    289    298    
3 1 290    300    291    
3 1 300    290    299    
3 1 291    301    292    
3 1 301    291    300    
3 1 292    302    293    
3 1 302    292    301    
3 1 293    303    294    
3 1 303    293    302    
3 1 294    304    295    
3 1 304    294    303    
3 1 295    305    296    
3 1 305    295    304    
3 1 296    306    297    
3 1 306    296    305    
3 1 297    298    289    
3 1 298    297    306    
3 1 298    308    299    
3 1 308    298    307    
3 1 299    309    300    
3 1 309    299    308    
3 1 300    310    301    
3 1 310    300    309    
3 1 301    311    302    
3 1 311    301    310    
3 1 302    312    303    
3 1 312    302    311    
3 1 303    313    304    
3 1 313    303    312    
3 1 304    314    305    
3 1 314    304    313    
3 1 305    315    306    
3 1 315    305    314    
3 1 306    307    298    
3 1 307    306    315    
3 1 307    317    308    
3 1 317    307    316    
3 1 308    318    309    
3 1 318    308    317    
3 1 309    319    310    
3 1 319    309    318    
3 1 310    320    311    
3 1 320    310    319    
3 1 311    321    312    
3 1 321    311    320    
3 1 312    322    313    
3 1 322    312    321    
3 1 313    323    314    
3 1 323    313    322    
3 1 314    324    315    
3 1 324    314    323    
3 1 315    316    307    
3 1 316    315    324    
3 1 316    326    317    
3 1 326    316    325    
3 1 317    327    318    
3 1 327    317    326    
3 1 318    328    319    
3 1 328    318    327    
3 1 319    329    320    
3 1 329    319    328    
3 1 320    330    321    
3 1 330    320    329    
3 1 321    331    322    
3 1 331    321    330    
3 1 322    332    323    
3 1 332    322    331    
3 1 323    333    324    
3 1 333    323    332    
3 1 324    325    316    
3 1 325    324    333    
3 1 325    335    326    
3 1 335    325    334    
3 1 326    336    327    
3 1 336    326    335    
3 1 327    337    328    
3 1 337    327    336    
3 1 328    338    329    
3 1 338    328    337    
3 1 329    339    330    
3 1 339    329    338    
3 1 330    340    331    
3 1 340    330    339    
3 1 331    341    332    
3 1 341    331    340    
3 1 332    342    333    
3 1 342    332    341    
3 1 333    334    325    
3 1 334    333    342    
3 1 334    344    335    
3 1 344    334    343    
3 1 335    345    336    
3 1 345    335    344    
3 1 336    346    337    
3 1 346    336    345    
3 1 337    347    338    
3 1 347    337    346    
3 1 338    348    339    
3 1 348    338    347    
3 1 339    349    340    
3 1 349    339    348    
3 1 340    350    341    
3 1 350    340    349    
3 1 341    351    342    
3 1 351    341    350    
3 1 342    343    334    
3 1 343    342    351    
3 1 343    353    344    
3 1 353    343    352    
3 1 344    354    345    
3 1 354    344    353    
3 1 345    355    346    
3 1 355    345    354    
3 1 346    356    347    
3 1 356    346    355    
3 1 347    357    348    
3 1 357    347    356    
3 1 348    358    349    
3 1 358    348    357    
3 1 349    359    350    
3 1 359    349    358    
3 1 350    360    351    
3 1 360    350    359    
3 1 351    352    343    
3 1 352    351    360    
3 1 352    362    353    
3 1 362    352    361    
3 1 353    363    354    
3 1 363    353    362    
3 1 354    364    355    
3 1 364    354    363    
3 1 355    365    356    
3 1 365    355    364    
3 1 356    366    357    
3 1 366    356    365    
3 1 357    367    358    
3 1 367    357    366    
3 1 358    368    359    
3 1 368    358    367    
3 1 359    369    360    
3 1 369    359    368    
3 1 360    361    352    
3 1 361    360    369    
3 1 361    371    362    
3 1 371    361    370    
3 1 362    372    363    
3 1 372    362    371    
3 1 363    373    364    
3 1 373    363    372    
3 1 364    374    365    
3 1 374    364    373    
3 1 365    375    366    
3 1 375    365    374    
3 1 366    376    367    
3 1 376    366    375    
3 1 367    377    368    
3 1 377    367    376    
3 1 368    378    369    
3 1 378    368    377    
3 1 369    370    361    
3 1 370    369    378    
3 1 370    380    371    
3 1 380    370    379    
3 1 371    381    372    
3 1 381    371    380    
3 1 372    382    373    
3 1 382    372    381    
3 1 373    383    374    
3 1 383    373    382    
3 1 374    384    375    
3 1 384    374    383    
3 1 375    385    376    
3 1 385    375    384    
3 1 376    386    377    
3 1 386    376    385    
3 1 377    387    378    
3 1 387    377    386    
3 1 378    379    370    
3 1 379    378    387    
3 1 379    389    380    
3 1 389    379    388    
3 1 380    390    381    
3 1 390    380    389    
3 1 381    391    382    
3 1 391    381    390    
3 1 382    392    383    
3 1 392    382    391    
3 1 383    393    384    
3 1 393    383    392    
3 1 384    394    385    
3 1 394    384    393    
3 1 385    395    386    
3 1 395    385    394    
3 1 386    396    387    
3 1 396    386    395    
3 1 387    388    379    
3 1 388    387    396    
3 1 388    398    389    
3 1 398    388    397    
3 1 389    399    390    
3 1 399    389    398    
3 1 390    400    391    
3 1 400    390    399    
3 1 391    401    392    
3 1 401    391    400    
3 1 392    402    393    
3 1 402    392    401    
3 1 393    403    394    
3 1 403    393    402    
3 1 394    404    395    
3 1 404    394    403    
3 1 395    405    396    
3 1 405    395    404    
3 1 396    397    388    
3 1 397    396    405    
3 1 397    407    398    
3 1 407    397    406    
3 1 398    408    399    
3 1 408    398    407    
3 1 399    409    400    
3 1 409    399    408    
3 1 400    410    401    
3 1 410    400    409    
3 1 401    411    402    
3 1 411    401    410    
3 1 402    412    403    
3 1 412    402    411    
3 1 403    413    404    
3 1 413    403    412    
3 1 404    414    405    
3 1 414    404    413    
3 1 405    406    397    
3 1 406    405    414    
3 1 406    416    407    
3 1 416    406    415    
3 1 407    417    408    
3 1 417    407    416    
3 1 408    418    409    
3 1 418    408    417    
3 1 409    419    410    
3 1 419    409    418    
3 1 410    420    411    
3 1 420    410    419    
3 1 411    421    412    
3 1 421    411    420    
3 1 412    422    413    
3 1 422    412    421    
3 1 413    423    414    
3 1 423    413    422    
3 1 414    415    406    
3 1 415    414    423    
3 1 415    425    416    
3 1 425    415    424    
3 1 416    426    417    
3 1 426    416    425    
3 1 417    427    418    
3 1 427    417    426    
3 1 418    428    419    
3 1 428    418    427    
3 1 419    429    420    
3 1 429    419    428    
3 1 420    430    421    
3 1 430    420    429    
3 1 421    431    422    
3 1 431    421    430    
3 1 422    432    423    
3 1 432    422    431    
3 1 423    424    415    
3 1 424    423    432    
3 1 424    434    425    
3 1 434    424    433    
3 1 425    435    426    
3 1 435    425    434    
3 1 426    436    427    
3 1 436    426    435    
3 1 427    437    428    
3 1 437    427    436    
3 1 428    438    429    
3 1 438    428    437    
3 1 429    439    430    
3 1 439    429    438    
3 1 430    440    431    
3 1 440    430    439    
3 1 431    441    432    
3 1 441    431    440    
3 1 432    433    424    
3 1 433    432    441    
3 1 433    443    434    
3 1 443    433    442    
3 1 434    444    435    
3 1 444    434    443    
3 1 435    445    436    
3 1 445    435    444    
3 1 436    446    437    
3 1 446    436    445    
3 1 437    447    438    
3 1 447    437    446    
3 1 438    448    439    
3 1 448    438    447    
3 1 439    449    440    
3 1 449    439    448    
3 1 440    450    441    
3 1 450    440    449    
3 1 441    442    433    
3 1 442    441    450    
3 1 442    452    443    
3 1 452    442    451    
3 1 443    453    444    
3 1 453    443    452    
3 1 444    454    445    
3 1 454    444    453    
3 1 445    455    446    
3 1 455    445    454    
3 1 446    456    447    
3 1 456    446    455    
3 1 447    457    448    
3 1 457    447    456    
3 1 448    458    449    
3 1 458    448    457    
3 1 449    459    450    
3 1 459    449    458    
3 1 450    451    442    
3 1 451    450    459    
3 1 451    461    452    
3 1 461    451    460    
3 1 452    462    453    
3 1 462    452    461    
3 1 453    463    454    
3 1 463    453    462    
3 1 454    464    455    
3 1 464    454    463    
3 1 455    465    456    
3 1 465    455    464    
3 1 456    466    457    
3 1 466    456    465    
3 1 457    467    458    
3 1 467    457    466    
3 1 458    468    459    
3 1 468    458    467    
3 1 459    460    451    
3 1 460    459    468    
3 1 460    470    461    
3 1 470    460    469    
3 1 461    471    462    
3 1 471    461    470    
3 1 462    472    463    
3 1 472    462    471    
3 1 463    473    464    
3 1 473    463    472    
3 1 464    474    465    
3 1 474    464    473    
3 1 465    475    466    
3 1 475    465    474    
3 1 466    476    467    
3 1 476    466    475    
3 1 467    477    468    
3 1 477    467    476    
3 1 468    469    460    
3 1 469    468    477    
3 1 469    479    470    
3 1 479    469    478    
3 1 470    480    471    
3 1 480    470    479    
3 1 471    481    472    
3 1 481    471    480    
3 1 472    482    473    
3 1 482    472    481    
3 1 473    483    474    
3 1 483    473    482    
3 1 474    484    475    
3 1 484    474    483    
3 1 475    485    476    
3 1 485    475    484    
3 1 476    486    477    
3 1 486    476    485    
3 1 477    478    469    
3 1 478    477    486    
3 1 478    488    479    
3 1 488    478    487    
3 1 479    489    480    
3 1 489    479    488    
3 1 480    490    481    
3 1 490    480    489    
3 1 481    491    482    
3 1 491    481    490    
3 1 482    492    483    
3 1 492    482    491    
3 1 483    493    484    
3 1 493    483    492    
3 1 484    494    485    
3 1 494    484    493    
3 1 485    495    486    
3 1 495    485    494    
3 1 486    487    478    
3 1 487    486    495    
3 1 487    497    488    
3 1 497    487    496    
3 1 488    498    489    
3 1 498    488    497    
3 1 489    499    490    
3 1 499    489    498    
3 1 490    500    491    
3 1 500    490    499    
3 1 491    501    492    
3 1 501    491    500    
3 1 492    502    493    
3 1 502    492    501    
3 1 493    503    494    
3 1 503    493    502    
3 1 494    504    495    
3 1 504    494    503    
3 1 495    496    487    
3 1 496    495    504    
3 1 496    506    497    
3 1 506    496    505    
3 1 497    507    498    
3 1 507    497    506    
3 1 498    508    499    
3 1 508    498    507    
3 1 499    509    500    
3 1 509    499    508    
3 1 500    510    501    
3 1 510    500    509    
3 1 501    511    502    
3 1 511    501    510    
3 1 502    512    503    
3 1 512    502    511    
3 1 503    513    504    
3 1 513    503    512    
3 1 504    505    496    
3 1 505    504    513    
3 1 505    515    506    
3 1 515    505    514    
3 1 506    516    507    
3 1 516    506    515    
3 1 507    517    508    
3 1 517    507    516    
3 1 508    518    509    
3 1 518    508    517    
3 1 509    519    510    
3 1 519    509    518    
3 1 510    520    511    
3 1 520    510    519    
3 1 511    521    512    
3 1 521    511    520    
3 1 512    522    513    
3 1 522    512    521    
3 1 513    514    505    
3 1 514    513    522    
3 1 514    524    515    
3 1 524    514    523    
3 1 515    525    516    
3 1 525    515    524    
3 1 516    526    517    
3 1 526    516    525    
3 1 517    527    518    
3 1 527    517    526    
3 1 518    528    519    
3 1 528    518    527    
3 1 519    529    520    
3 1 529    519    528    
3 1 520    530    521    
3 1 530    520    529    
3 1 521    531    522    
3 1 531    521    530    
3 1 522    523    514    
3 1 523    522    531    
3 1 523    533    524    
3 1 533    523    532    
3 1 524    534    525    
3 1 534    524    533    
3 1 525    535    526    
3 1 535    525    534    
3 1 526    536    527    
3 1 536    526    535    
3 1 527    537    528    
3 1 537    527    536    
3 1 528    538    529    
3 1 538    528    537    
3 1 529    539    530    
3 1 539    529    538    
3 1 530    540    531    
3 1 540    530    539    
3 1 531    532    523    
3 1 532    531    540    
3 1 532    542    533    
3 1 542    532    541    
3 1 533    543    534    
3 1 543    533    542    
3 1 534    544    535    
3 1 544    534    543    
3 1 535    545    536    
3 1 545    535    544    
3 1 536    546    537    
3 1 546    536    545    
3 1 537    547    538    
3 1 547    537    546    
3 1 538    548    539    
3 1 548    538    547    
3 1 539    549    540    
3 1 549    539    548    
3 1 540    541    532    
3 1 541    540    549    
3 1 541    551    542    
3 1 551    541    550    
3 1 542    552    543    
3 1 552    542    551    
3 1 543    553    544    
3 1 553    543    552    
3 1 544    554    545    
3 1 554    544    553    
3 1 545    555    546    
3 1 555    545    554    
3 1 546    556    547    
3 1 556    546    555    
3 1 547    557    548    
3 1 557    547    556    
3 1 548    558    549    
3 1 558    548    557    
3 1 549    550    541    
3 1 550    549    558    
3 1 550    560    551    
3 1 560    550    559    
3 1 551    561    552    
3 1 561    551    560    
3 1 552    562    553    
3 1 562    552    561    
3 1 553    563    554    
3 1 563    553    562    
3 1 554    564    555    
3 1 564    554    563    
3 1 555    565    556    
3 1 565    555    564    
3 1 556    566    557    
3 1 566    556    565    
3 1 557    567    558    
3 1 567    557    566    
3 1 558    559    550    
3 1 559    558    567    
3 1 559    569    560    
3 1 569    559    568    
3 1 560    570    561    
3 1 570    560    569    
3 1 561    571    562    
3 1 571    561    570    
3 1 562    572    563    
3 1 572    562    571    
3 1 563    573    564    
3 1 573    563    572    
3 1 564    574    565    
3 1 574    564    573    
3 1 565    575    566    
3 1 575    565    574    
3 1 566    576    567    
3 1 576    566    575    
3 1 567    568    559    
3 1 568    567    576    
3 1 568    578    569    
3 1 578    568    577    
3 1 569    579    570    
3 1 579    569    578    
3 1 570    580    571    
3 1 580    570    579    
3 1 571    581    572    
3 1 581    571    580    
3 1 572    582    573    
3 1 582    572    581    
3 1 573    583    574    
3 1 583    573    582    
3 1 574    584    575    
3 1 584    574    583    
3 1 575    585    576    
3 1 585    575    584    
3 1 576    577    568    
3 1 577    576    585    
3 1 577    587    578    
3 1 587    577    586    
3 1 578    588    579    
3 1 588    578    587    
3 1 579    589    580    
3 1 589    579    588    
3 1 580    590    581    
3 1 590    580    589    
3 1 581    591    582    
3 1 591    581    590    
3 1 582    592    583    
3 1 592    582    591    
3 1 583    593    584    
3 1 593    583    592    
3 1 584    594    585    
3 1 594    584    593    
3 1 585    586    577    
3 1 586    585    594    
3 1 586    596    587    
3 1 596    586    595    
3 1 587    597    588    
3 1 597    587    596    
3 1 588    598    589    
3 1 598    588    597    
3 1 589    599    590    
3 1 599    589    598    
3 1 590    600    591    
3 1 600    590    599    
3 1 591    601    592    
3 1 601    591    600    
3 1 592    602    593    
3 1 602    592    601    
3 1 593    603    594    
3 1 603    593    602    
3 1 594    595    586    
3 1 595    594    603    
3 1 595    605    596    
3 1 605    595    604    
3 1 596    606    597    
3 1 606    596    605    
3 1 597    607    598    
3 1 607    597    606    
3 1 598    608    599    
3 1 608    598    607    
3 1 599    609    600    
3 1 609    599    608    
3 1 600    610    601    
3 1 610    600    609    
3 1 601    611    602    
3 1 611    601    610    
3 1 602    612    603    
3 1 612    602    611    
3 1 603    604    595    
3 1 604    603    612    
3 1 604    614    605    
3 1 614    604    613    
3 1 605    615    606    
3 1 615    605    614    
3 1 606    616    607    
3 1 616    606    615    
3 1 607    617    608    
3 1 617    607    616    
3 1 608    618    609    
3 1 618    608    617    
3 1 609    619    610    
3 1 619    609    618    
3 1 610    620    611    
3 1 620    610    619    
3 1 611    621    612    
3 1 621    611    620    
3 1 612    613    604    
3 1 613    612    621    
3 1 613    623    614    
3 1 623    613    622    
3 1 614    624    615    
3 1 624    614    623    
3 1 615    625    616    
3 1 625    615    624    
3 1 616    626    617    
3 1 626    616    625    
3 1 617    627    618    
3 1 627    617    626    
3 1 618    628    619    
3 1 628    618    627    
3 1 619    629    620    
3 1 629    619    628    
3 1 620    630    621    
3 1 630    620    629    
3 1 621    622    613    
3 1 622    621    630    
3 1 622    632    623    
3 1 632    622    631    
3 1 623    633    624    
3 1 633    623    632    
3 1 624    634    625    
3 1 634    624    633    
3 1 625    635    626    
3 1 635    625    634    
3 1 626    636    627    
3 1 636    626    635    
3 1 627    637    628    
3 1 637    627    636    
3 1 628    638    629    
3 1 638    628    637    
3 1 629    639    630    
3 1 639    629    638    
3 1 630    631    622    
3 1 631    630    639    
3 1 631    641    632    
3 1 641    631    640    
3 1 632    642    633    
3 1 642    632    641    
3 1 633    643    634    
3 1 643    633    642    
3 1 634    644    635    
3 1 644    634    643    
3 1 635    645    636    
3 1 645    635    644    
3 1 636    646    637    
3 1 646    636    645    
3 1 637    647    638    
3 1 647    637    646    
3 1 638    648    639    
3 1 648    638    647    
3 1 639    640    631    
3 1 640    639    648    
3 1 640    650    641    
3 1 650    640    649    
3 1 641    651    642    
3 1 651    641    650    
3 1 642    652    643    
3 1 652    642    651    
3 1 643    653    644    
3 1 653    643    652    
3 1 644    654    645    
3 1 654    644    653    
3 1 645    655    646    
3 1 655    645    654    
3 1 646    656    647    
3 1 656    646    655    
3 1 647    657    648    
3 1 657    647    656    
3 1 648    649    640    
3 1 649    648    657    
3 1 649    659    650    
3 1 659    649    658    
3 1 650    660    651    
3 1 660    650    659    
3 1 651    661    652    
3 1 661    651    660    
3 1 652    662    653    
3 1 662    652    661    
3 1 653    663    654    
3 1 663    653    662    
3 1 654    664    655    
3 1 664    654    663    
3 1 655    665    656    
3 1 665    655    664    
3 1 656    666    657    
3 1 666    656    665    
3 1 657    658    649    
3 1 658    657    666    
3 1 658    668    659    
3 1 668    658    667    
3 1 659    669    660    
3 1 669    659    668    
3 1 660    670    661    
3 1 670    660    669    
3 1 661    671    662    
3 1 671    661    670    
3 1 662    672    663    
3 1 672    662    671    
3 1 663    673    664    
3 1 673    663    672    
3 1 664    674    665    
3 1 674    664    673    
3 1 665    675    666    
3 1 675    665    674    
3 1 666    667    658    
3 1 667    666    675    
3 1 667    677    668    
3 1 677    667    676    
3 1 668    678    669    
3 1 678    668    677    
3 1 669    679    670    
3 1 679    669    678    
3 1 670    680    671    
3 1 680    670    679    
3 1 671    681    672    
3 1 681    671    680    
3 1 672    682    673    
3 1 682    672    681    
3 1 673    683    674    
3 1 683    673    682    
3 1 674    684    675    
3 1 684    674    683    
3 1 675    676    667    
3 1 676    675    684    
3 1 676    686    677    
3 1 686    676    685    
3 1 677    687    678    
3 1 687    677    686    
3 1 678    688    679    
3 1 688    678    687    
3 1 679    689    680    
3 1 689    679    688    
3 1 680    690    681    
3 1 690    680    689    
3 1 681    691    682    
3 1 691    681    690    
3 1 682    692    683    
3 1 692    682    691    
3 1 683    693    684    
3 1 693    683    692    
3 1 684    685    676    
3 1 685    684    693    
3 1 685    695    686    
3 1 695    685    694    
3 1 686    696    687    
3 1 696    686    695    
3 1 687    697    688    
3 1 697    687    696    
3 1 688    698    689    
3 1 698    688    697    
3 1 689    699    690    
3 1 699    689    698    
3 1 690    700    691    
3 1 700    690    699    
3 1 691    701    692    
3 1 701    691    700    
3 1 692    702    693    
3 1 702    692    701    
3 1 693    694    685    
3 1 694    693    702    
3 1 694    704    695    
3 1 704    694    703    
3 1 695    705    696    
3 1 705    695    704    
3 1 696    706    697    
3 1 706    696    705    
3 1 697    707    698    
3 1 707    697    706    
3 1 698    708    699    
3 1 708    698    707    
3 1 699    709    700    
3 1 709    699    708    
3 1 700    710    701    
3 1 710    700    709    
3 1 701    711    702    
3 1 711    701    710    
3 1 702    703    694    
3 1 703    702    711    
3 1 703    713    704    
3 1 713    703    712    
3 1 704    714    705    
3 1 714    704    713    
3 1 705    715    706    
3 1 715    705    714    
3 1 706    716    707    
3 1 716    706    715    
3 1 707    717    708    
3 1 717    707    716    
3 1 708    718    709    
3 1 718    708    717    
3 1 709    719    710    
3 1 719    709    718    
3 1 710    720    711    
3 1 720    710    719    
3 1 711    712    703    
3 1 712    711    720    
3 1 712    722    713    
3 1 722    712    721    
3 1 713    723    714    
3 1 723    713    722    
3 1 714    724    715    
3 1 724    714    723    
3 1 715    725    716    
3 1 725    715    724    
3 1 716    726    717    
3 1 726    716    725    
3 1 717    727    718    
3 1 727    717    726    
3 1 718    728    719    
3 1 728    718    727    
3 1 719    729    720    
3 1 729    719    728    
3 1 720    721    712    
3 1 721    720    729    
3 1 721    731    722    
3 1 731    721    730    
3 1 722    732    723    
3 1 732    722    731    
3 1 723    733    724    
3 1 733    723    732    
3 1 724    734    725    
3 1 734    724    733    
3 1 725    735    726    
3 1 735    725    734    
3 1 726    736    727    
3 1 736    726    735    
3 1 727    737    728    
3 1 737    727    736    
3 1 728    738    729    
3 1 738    728    737    
3 1 729    730    721    
3 1 730    729    738    
3 1 730    740    731    
3 1 740    730    739    
3 1 731    741    732    
3 1 741    731    740    
3 1 732    742    733    
3 1 742    732    741    
3 1 733    743    734    
3 1 743    733    742    
3 1 734    744    735    
3 1 744    734    743    
3 1 735    745    736    
3 1 745    735    744    
3 1 736    746    737    
3 1 746    736    745    
3 1 737    747    738    
3 1 747    737    746    
3 1 738    739    730    
3 1 739    738    747    
3 1 739    749    740    
3 1 749    739    748    
3 1 740    750    741    
3 1 750    740    749    
3 1 741    751    742    
3 1 751    741    750    
3 1 742    752    743    
3 1 752    742    751    
3 1 743    753    744    
3 1 753    743    752    
3 1 744    754    745    
3 1 754    744    753    
3 1 745    755    746    
3 1 755    745    754    
3 1 746    756    747    
3 1 756    746    755    
3 1 747    748    739    
3 1 748    747    756    
3 1 748    758    749    
3 1 758    748    757    
3 1 749    759    750    
3 1 759    749    758    
3 1 750    760    751    
3 1 760    750    759    
3 1 751    761    752    
3 1 761    751    760    
3 1 752    762    753    
3 1 762    752    761    
3 1 753    763    754    
3 1 763    753    762    
3 1 754    764    755    
3 1 764    754    763    
3 1 755    765    756    
3 1 765    755    764    
3 1 756    757    748    
3 1 757    756    765    
3 1 757    767    758    
3 1 767    757    766    
3 1 758    768    759    
3 1 768    758    767    
3 1 759    769    760    
3 1 769    759    768    
3 1 760    770    761    
3 1 770    760    769    
3 1 761    771    762    
3 1 771    761    770    
3 1 762    772    763    
3 1 772    762    771    
3 1 763    773    764    
3 1 773    763    772    
3 1 764    774    765    
3 1 774    764    773    
3 1 765    766    757    
3 1 766    765    774    
3 1 766    776    767    
3 1 776    766    775    
3 1 767    777    768    
3 1 777    767    776    
3 1 768    778    769    
3 1 778    768    777    
3 1 769    779    770    
3 1 779    769    778    
3 1 770    780    771    
3 1 780    770    779    
3 1 771    781    772    
3 1 781    771    780    
3 1 772    782    773    
3 1 782    772    781    
3 1 773    783    774    
3 1 783    773    782    
3 1 774    775    766    
3 1 775    774    783    
3 1 775    785    776    
3 1 785    775    784    
3 1 776    786    777    
3 1 786    776    785    
3 1 777    787    778    
3 1 787    777    786    
3 1 778    788    779    
3 1 788    778    787    
3 1 779    789    780    
3 1 789    779    788    
3 1 780    790    781    
3 1 790    780    789    
3 1 781    791    782    
3 1 791    781    790    
3 1 782    792    783    
3 1 792    782    791    
3 1 783    784    775    
3 1 784    783    792    
3 1 784    794    785    
3 1 794    784    793    
3 1 785    795    786    
3 1 795    785    794    
3 1 786    796    787    
3 1 796    786    795    
3 1 787    797    788    
3 1 797    787    796    
3 1 788    798    789    
3 1 798    788    797    
3 1 789    799    790    
3 1 799    789    798    
3 1 790    800    791    
3 1 800    790    799    
3 1 791    801    792    
3 1 801    791    800    
3 1 792    793    784    
3 1 793    792    801    
3 1 793    803    794    
3 1 803    793    802    
3 1 794    804    795    
3 1 804    794    803    
3 1 795    805    796    
3 1 805    795    804    
3 1 796    806    797    
3 1 806    796    805    
3 1 797    807    798    
3 1 807    797    806    
3 1 798    808    799    
3 1 808    798    807    
3 1 799    809    800    
3 1 809    799    808    
3 1 800    810    801    
3 1 810    800    809    
3 1 801    802    793    
3 1 802    801    810    
3 1 802    812    803    
3 1 812    802    811    
3 1 803    813    804    
3 1 813    803    812    
3 1 804    814    805    
3 1 814    804    813    
3 1 805    815    806    
3 1 815    805    814    
3 1 806    816    807    
3 1 816    806    815    
3 1 807    817    808    
3 1 817    807    816    
3 1 808    818    809    
3 1 818    808    817    
3 1 809    819    810    
3 1 819    809    818    
3 1 810    811    802    
3 1 811    810    819    
3 1 811    821    812    
3 1 821    811    820    
3 1 812    822    813    
3 1 822    812    821    
3 1 813    823    814    
3 1 823    813    822    
3 1 814    824    815    
3 1 824    814    823    
3 1 815    825    816    
3 1 825    815    824    
3 1 816    826    817    
3 1 826    816    825    
3 1 817    827    818    
3 1 827    817    826    
3 1 818    828    819    
3 1 828    818    827    
3 1 819    820    811    
3 1 820    819    828    
3 1 820    830    821    
3 1 830    820    829    
3 1 821    831    822    
3 1 831    821    830    
3 1 822    832    823    
3 1 832    822    831    
3 1 823    833    824    
3 1 833    823    832    
3 1 824    834    825    
3 1 834    824    833    
3 1 825    835    826    
3 1 835    825    834    
3 1 826    836    827    
3 1 836    826    835    
3 1 827    837    828    
3 1 837    827    836    
3 1 828    829    820    
3 1 829    828    837    
3 1 829    839    830    
3 1 839    829    838    
3 1 830    840    831    
3 1 840    830    839    
3 1 831    841    832    
3 1 841    831    840    
3 1 832    842    833    
3 1 842    832    841    
3 1 833    843    834    
3 1 843    833    842    
3 1 834    844    835    
3 1 844    834    843    
3 1 835    845    836    
3 1 845    835    844    
3 1 836    846    837    
3 1 846    836    845    
3 1 837    838    829    
3 1 838    837    846    
3 1 838    848    839    
3 1 848    838    847    
3 1 839    849    840    
3 1 849    839    848    
3 1 840    850    841    
3 1 850    840    849    
3 1 841    851    842    
3 1 851    841    850    
3 1 842    852    843    
3 1 852    842    851    
3 1 843    853    844    
3 1 853    843    852    
3 1 844    854    845    
3 1 854    844    853    
3 1 845    855    846    
3 1 855    845    854    
3 1 846    847    838    
3 1 847    846    855    
3 1 847    857    848    
3 1 857    847    856    
3 1 848    858    849    
3 1 858    848    857    
3 1 849    859    850    
3 1 859    849    858    
3 1 850    860    851    
3 1 860    850    859    
3 1 851    861    852    
3 1 861    851    860    
3 1 852    862    853    
3 1 862    852    861    
3 1 853    863    854    
3 1 863    853    862    
3 1 854    864    855    
3 1 864    854    863    
3 1 855    856    847    
3 1 856    855    864    
3 1 856    866    857    
3 1 866    856    865    
3 1 857    867    858    
3 1 867    857    866    
3 1 858    868    859    
3 1 868    858    867    
3 1 859    869    860    
3 1 869    859    868    
3 1 860    870    861    
3 1 870    860    869    
3 1 861    871    862    
3 1 871    861    870    
3 1 862    872    863    
3 1 872    862    871    
3 1 863    873    864    
3 1 873    863    872    
3 1 864    865    856    
3 1 865    864    873    
3 1 865    875    866    
3 1 875    865    874    
3 1 866    876    867    
3 1 876    866    875    
3 1 867    877    868    
3 1 877    867    876    
3 1 868    878    869    
3 1 878    868    877    
3 1 869    879    870    
3 1 879    869    878    
3 1 870    880    871    
3 1 880    870    879    
3 1 871    881    872    
3 1 881    871    880    
3 1 872    882    873    
3 1 882    872    881    
3 1 873    874    865    
3 1 874    873    882    
3 1 874    884    875    
3 1 884    874    883    
3 1 875    885    876    
3 1 885    875    884    
3 1 876    886    877    
3 1 886    876    885    
3 1 877    887    878    
3 1 887    877    886    
3 1 878    888    879    
3 1 888    878    887    
3 1 879    889    880    
3 1 889    879    888    
3 1 880    890    881    
3 1 890    880    889    
3 1 881    891    882    
3 1 891    881    890    
3 1 882    883    874    
3 1 883    882    891    
3 1 883    893    884    
3 1 893    883    892    
3 1 884    894    885    
3 1 894    884    893    
3 1 885    895    886    
3 1 895    885    894    
3 1 886    896    887    
3 1 896    886    895    
3 1 887    897    888    
3 1 897    887    896    
3 1 888    898    889    
3 1 898    888    897    
3 1 889    899    890    
3 1 899    889    898    
3 1 890    900    891    
3 1 900    890    899    
3 1 891    892    883    
3 1 892    891    900    
3 1 892    902    893    
3 1 902    892    901    
3 1 893    903    894    
3 1 903    893    902    
3 1 894    904    895    
3 1 904    894    903    
3 1 895    905    896    
3 1 905    895    904    
3 1 896    906    897    
3 1 906    896    905    
3 1 897    907    898    
3 1 907    897    906    
3 1 898    908    899    
3 1 908    898    907    
3 1 899    909    900    
3 1 909    899    908    
3 1 900    901    892    
3 1 901    900    909    
