vw * (c) Evens & Sutherland
4
1 1231 1078 6 2
1. 1. 0. 1. .1
28.75 8.5 -28.25
-28.75 8.5 -28.25
29.5 8.5 -30
-29.5 8.5 -30
26.75 11.5 -27
-26.75 11.5 -27
28.25 11 -27.5
-28.25 11 -27.5
28.75 10.5 -28
-28.75 10.5 -28
29.75 8.5 -30
-29.75 8.5 -30
29.75 10.5 -31.5
-29.75 10.5 -31.5
27 11.5 -27
-27 11.5 -27
28.25 13.25 -27.75
-28.25 13.25 -27.75
29.25 13 -28.5
-29.25 13 -28.5
29.5 12.75 -29.5
-29.5 12.75 -29.5
29.75 12.5 -31.5
-29.75 12.5 -31.5
27.5 19.5 -28.25
-27.5 19.5 -28.25
28.5 18.75 -29.5
-28.5 18.75 -29.5
29.5 18.25 -30.25
-29.5 18.25 -30.25
30 17.875 -31.75
-30 17.875 -31.75
30.125 17.5 -33
-30.125 17.5 -33
27.5 26.25 -32.75
-27.5 26.25 -32.75
28.5 26.25 -33.5
-28.5 26.25 -33.5
29.5 25.25 -34.25
-29.5 25.25 -34.25
30.125 24.25 -35.75
-30.125 24.25 -35.75
30.25 23 -36.75
-30.25 23 -36.75
26.25 31 -39.75
-26.25 31 -39.75
27.75 30.25 -40
-27.75 30.25 -40
29.125 29.25 -41
-29.125 29.25 -41
30 28 -42
-30 28 -42
30.25 25.75 -42.5
-30.25 25.75 -42.5
24.25 33 -47.75
-24.25 33 -47.75
26.125 32.25 -48.5
-26.125 32.25 -48.5
28.25 30.75 -49
-28.25 30.75 -49
29.75 28.75 -49.75
-29.75 28.75 -49.75
30.25 25.75 -50
-30.25 25.75 -50
21 30.75 -57
-21 30.75 -57
25.25 29 -57.25
-25.25 29 -57.25
28.25 26.75 -57.5
-28.25 26.75 -57.5
29.75 24.75 -57
-29.75 24.75 -57
30.125 22.75 -56
-30.125 22.75 -56
18.25 26 -61.75
-18.25 26 -61.75
22.75 25.75 -62.25
-22.75 25.75 -62.25
23.75 24.25 -62.5
-23.75 24.25 -62.5
27.5 22.5 -62.25
-27.5 22.5 -62.25
29.5 20.25 -60
-29.5 20.25 -60
30 19 -58.75
-30 19 -58.75
17.2 24 -64
-17.2 24 -64
19.25 23.75 -64.1
-19.25 23.75 -64.1
24 22.25 -64.5
-24 22.25 -64.5
26.75 21.5 -63.25
-26.75 21.5 -63.25
15.1 20.5 -68
-15.1 20.5 -68
19 20.25 -67.5
-19 20.25 -67.5
18.75 23.5 -66
-18.75 23.5 -66
24 21.75 -65.25
-24 21.75 -65.25
26.75 19 -64.5
-26.75 19 -64.5
28.75 16.75 -63
-28.75 16.75 -63
29.5 14.25 -62
-29.5 14.25 -62
23.5 19.5 -67
-23.5 19.5 -67
26.25 17.75 -67.5
-26.25 17.75 -67.5
28.75 13 -65.25
-28.75 13 -65.25
22.75 18.5 -67.75
-22.75 18.5 -67.75
25.25 11 -70.25
-25.25 11 -70.25
21 18 -68.75
-21 18 -68.75
21.25 10.5 -73.5
-21.25 10.5 -73.5
15 18.5 -70
-15 18.5 -70
14.5 9.75 -75.2
-14.5 9.75 -75.2
21.5 25.25 -65.75
-21.5 25.25 -65.75
23 23.75 -66.25
-23 23.75 -66.25
23.25 21.25 -67.5
-23.25 21.25 -67.5
22.75 19.75 -68.25
-22.75 19.75 -68.25
21 18.5 -69
-21 18.5 -69
19.5 20.75 -68.25
-19.5 20.75 -68.25
19.5 22.5 -67
-19.5 22.5 -67
20.25 24 -66.25
-20.25 24 -66.25
21.5 24.25 -68.25
-21.5 24.25 -68.25
22.5 23.5 -68.75
-22.5 23.5 -68.75
22.75 21.25 -69.25
-22.75 21.25 -69.25
22.25 20.75 -69.5
-22.25 20.75 -69.5
21.125 19 -69.75
-21.125 19 -69.75
19.75 20.25 -69.5
-19.75 20.25 -69.5
20.125 23 -68.75
-20.125 23 -68.75
22.75 32.1 -53
-22.75 32.1 -53
19.75 21.5 -69.25
-19.75 21.5 -69.25
0 13 -76.2
0 9.5 -77
4.5 9.5 -77
-4.5 9.5 -77
3.7 13 -76.2
-3.7 13 -76.2
5 11 -76
-5 11 -76
6.7 13.5 -76
-6.7 13.5 -76
6 11.2 -75.5
-6 11.2 -75.5
7 11 -75.6
-7 11 -75.6
7.5 9.5 -76.2
-7.5 9.5 -76.2
9.4 15 -74.5
-9.4 15 -74.5
12 17 -72.5
-12 17 -72.5
14.2 19.4 -69.5
-14.2 19.4 -69.5
0 38 -60.7
6.3 37.7 -60.5
-6.3 37.7 -60.5
12 36.5 -60
-12 36.5 -60
17 34 -58
-17 34 -58
18.5 33.2 -57.6
-18.5 33.2 -57.6
19.6 30.8 -58
-19.6 30.8 -58
0 33.5 -67
6.5 33 -65.2
-6.5 33 -65.2
12.2 32.4 -63.5
-12.2 32.4 -63.5
15.8 30 -62.5
-15.8 30 -62.5
17.5 29.3 -62
-17.5 29.3 -62
18.5 28 -61
-18.5 28 -61
11.5 27.2 -69.7
-11.5 27.2 -69.7
13.5 24.8 -67.7
-13.5 24.8 -67.7
15.5 24 -66.7
-15.5 24 -66.7
16.5 22.7 -66
-16.5 22.7 -66
0 28 -71
2.5 27.8 -71
-2.5 27.8 -71
6 27 -71
-6 27 -71
6.7 26 -71.5
-6.7 26 -71.5
6.5 25.5 -72
-6.5 25.5 -72
9.5 24.5 -71.7
-9.5 24.5 -71.7
11.5 21.8 -70.5
-11.5 21.8 -70.5
13 21 -70.5
-13 21 -70.5
0 25.5 -72
7.5 21.5 -72.5
-7.5 21.5 -72.5
9 19.5 -72.5
-9 19.5 -72.5
9.2 19.5 -72.5
-9.2 19.5 -72.5
9.6 19.5 -72.8
-9.6 19.5 -72.8
9.8 19.5 -72.8
-9.8 19.5 -72.8
11 18.5 -72.8
-11 18.5 -72.8
8 18.9 -73
-8 18.9 -73
8.2 18.8 -73.1
-8.2 18.8 -73.1
8.6 18.5 -73.5
-8.6 18.5 -73.5
8.7 18.4 -73.5
-8.7 18.4 -73.5
9.2 16.5 -74
-9.2 16.5 -74
6 18.1 -74.5
-6 18.1 -74.5
6.2 18 -74.6
-6.2 18 -74.6
6.5 17.6 -75.5
-6.5 17.6 -75.5
6.6 17.5 -75.6
-6.6 17.5 -75.6
6.6 15.5 -76
-6.6 15.5 -76
3.2 17.5 -74.7
-3.2 17.5 -74.7
3.3 17.4 -74.8
-3.3 17.4 -74.8
3.5 17.1 -75.7
-3.5 17.1 -75.7
3.6 17 -75.8
-3.6 17 -75.8
3.6 14.5 -76.2
-3.6 14.5 -76.2
0 17.5 -74.7
0 17.4 -74.8
0 17.1 -75.7
0 17 -75.8
0 14.5 -76.2
0 25.5 -73
6 25.5 -73
-6 25.5 -73
6 20 -75
-6 20 -75
0 20 -75
6 25.8 -71
-6 25.8 -71
4.6 25.8 -72
-4.6 25.8 -72
1.5 25.8 -73.8
-1.5 25.8 -73.8
0 25.8 -74
0 26.8 -73.5
2 26.8 -73
-2 26.8 -73
4.5 26.8 -72
-4.5 26.8 -72
5.3 26.8 -71
-5.3 26.8 -71
2.5 27.4 -71.5
-2.5 27.4 -71.5
0 27.6 -72.5
22.75 53 -12
-22.75 53 -12
24 49.75 -12
-24 49.75 -12
25.5 44.25 -12
-25.5 44.25 -12
26.5 39 -12.25
-26.5 39 -12.25
26.75 36 -12.25
-26.75 36 -12.25
27.75 34 -12.25
-27.75 34 -12.25
28 31.24 -12.5
-28 31.24 -12.5
28 22.5 -12.5
-28 22.5 -12.5
27 11.5 -12.5
-27 11.5 -12.5
23.5 51.25 -14.5
-23.5 51.25 -14.5
23.5 50.5 -13.75
-23.5 50.5 -13.75
24 49.5 -13.5
-24 49.5 -13.5
25.5 44.25 -13.5
-25.5 44.25 -13.5
26.5 38.75 -13.5
-26.5 38.75 -13.5
26.5 37.5 -14.25
-26.5 37.5 -14.25
26.25 36.75 -15.5
-26.25 36.75 -15.5
26.75 36.5 -15.5
-26.75 36.5 -15.5
27 35.75 -15.5
-27 35.75 -15.5
27.75 34.75 -15.5
-27.75 34.75 -15.5
25.5 36.75 -27.5
-25.5 36.75 -27.5
26.25 36.5 -27.5
-26.25 36.5 -27.5
26.5 35.75 -27.5
-26.5 35.75 -27.5
27.25 34.75 -27.5
-27.25 34.75 -27.5
27 34.5 -30
-27 34.5 -30
27.5 30.5 -30
-27.5 30.5 -30
27.5 22.75 -30.25
-27.5 22.75 -30.25
27 13.75 -27.35
-27 13.75 -27.35
22.75 52.1 -21.5
-22.75 52.1 -21.5
23 50.75 -21.5
-23 50.75 -21.5
22.5 50.5 -30
-22.5 50.5 -30
22.75 49.5 -30
-22.75 49.5 -30
22.55 48.5 -36.5
-22.55 48.5 -36.5
22.75 47.5 -35.5
-22.75 47.5 -35.5
22.5 46.1 -40.5
-22.5 46.1 -40.5
23 44.75 -39.75
-23 44.75 -39.75
24.75 36.5 -38.25
-24.75 36.5 -38.25
25.5 35.25 -38.25
-25.5 35.25 -38.25
26 34 -38.25
-26 34 -38.25
23.25 43 -41
-23.25 43 -41
23.5 40.5 -41.75
-23.5 40.5 -41.75
24.5 38.25 -40.75
-24.5 38.25 -40.75
25.25 35 -40.75
-25.25 35 -40.75
26 34 -40.75
-26 34 -40.75
22 41.5 -47.5
-22 41.5 -47.5
23.25 37.5 -47.5
-23.25 37.5 -47.5
23.75 34 -47.75
-23.75 34 -47.75
21.25 37.25 -52.75
-21.25 37.25 -52.75
22.5 35 -52.75
-22.5 35 -52.75
22.75 52.9 -13.5
-22.75 52.9 -13.5
22.625 51.5 -25.75
-22.625 51.5 -25.75
22.3 42.8 -45.5
-22.3 42.8 -45.5
22.05 40 -49.75
-22.05 40 -49.75
17.875 31.375 53.5
-17.875 31.375 53.5
21.25 31.375 43.25
-21.25 31.375 43.25
20.25 33.5 44.25
-20.25 33.5 44.25
20.5 32.5 44.5
-20.5 32.5 44.5
21 34 39.25
-21 34 39.25
21.75 33 40.5
-21.75 33 40.5
22.5 29.375 38.75
-22.5 29.375 38.75
23.5 33.5 33
-23.5 33.5 33
23 36.5 28.5
-23 36.5 28.5
24.25 33.5 29.5
-24.25 33.5 29.5
24.5 28 30.5
-24.5 28 30.5
23.75 35.5 24.5
-23.75 35.5 24.5
25.5 34 24.65
-25.5 34 24.65
25 28 24.75
-25 28 24.75
24.75 19.75 24.4
-24.75 19.75 24.4
24.5 17.375 28.25
-24.5 17.375 28.25
24.25 11.5 24.5
-24.25 11.5 24.5
23.5 26.25 34.625
-23.5 26.25 34.625
24.125 22.25 30.75
-24.125 22.25 30.75
22.5 35.75 30
-22.5 35.75 30
24.75 12.75 26.75
-24.75 12.75 26.75
24.375 10.75 26.125
-24.375 10.75 26.125
12 12 70.5
-12 12 70.5
21 12.375 69.5
-21 12.375 69.5
25.25 13.5 68.5
-25.25 13.5 68.5
27.5 14.5 66
-27.5 14.5 66
12 18 68.6
-12 18 68.6
21 18.75 68.1
-21 18.75 68.1
24.75 19.375 67.4
-24.75 19.375 67.4
26.5 18.5 67.1
-26.5 18.5 67.1
28.5 15.75 65.5
-28.5 15.75 65.5
29 16.5 64.5
-29 16.5 64.5
18.5 18.75 68.3
-18.5 18.75 68.3
16.25 21 66.8
-16.25 21 66.8
16 22.875 65.7
-16 22.875 65.7
16 25 65
-16 25 65
12.25 21.25 66.5
-12.25 21.25 66.5
14.75 24.375 64.7
-14.75 24.375 64.7
16.75 26.875 65.5
-16.75 26.875 65.5
18.5 28 65.1
-18.5 28 65.1
20.5 28.375 64.8
-20.5 28.375 64.8
22.5 28.125 64.9
-22.5 28.125 64.9
24 26.75 65
-24 26.75 65
25.25 24.875 65.25
-25.25 24.875 65.25
25.5 22.75 65.5
-25.5 22.75 65.5
24.75 20.875 66.4
-24.75 20.875 66.4
23.25 19.5 67
-23.25 19.5 67
20.75 19 67.4
-20.75 19 67.4
18.5 19.5 67.2
-18.5 19.5 67.2
16.5 21 67
-16.5 21 67
13.75 18.25 68.5
-13.75 18.25 68.5
14 19 68.1
-14 19 68.1
14.5 19.125 67.9
-14.5 19.125 67.9
15.25 19.25 67.9
-15.25 19.25 67.9
16 19.125 68
-16 19.125 68
16.75 19 68.2
-16.75 19 68.2
17.25 18.25 68.8
-17.25 18.25 68.8
17 17.5 69.3
-17 17.5 69.3
16.25 17.375 69
-16.25 17.375 69
15.5 17 69.3
-15.5 17 69.3
14.75 17.375 69.1
-14.75 17.375 69.1
14 17.5 68.8
-14 17.5 68.8
23 19.625 66.6
-23 19.625 66.6
20.5 19 66.5
-20.5 19 66.5
18.75 19.5 66.3
-18.75 19.5 66.3
17.25 21 66.5
-17.25 21 66.5
20.25 28.25 64.9
-20.25 28.25 64.9
22.25 27.75 64.9
-22.25 27.75 64.9
24 26.75 65.3
-24 26.75 65.3
24.875 25 65.5
-24.875 25 65.5
25.125 23 65.75
-25.125 23 65.75
24.5 21.375 66
-24.5 21.375 66
23 19.875 66.3
-23 19.875 66.3
20.5 19.125 66.25
-20.5 19.125 66.25
18.75 19.75 66
-18.75 19.75 66
17.25 20.875 66.5
-17.25 20.875 66.5
16 23 65.7
-16 23 65.7
16.625 25 65
-16.625 25 65
17.25 26.5 66.7
-17.25 26.5 66.7
18.5 27.75 65.4
-18.5 27.75 65.4
20.5 27.75 67.3
-20.5 27.75 67.3
22 27.25 66.7
-22 27.25 66.7
23.25 26.5 66.75
-23.25 26.5 66.75
24.25 24.875 66.8
-24.25 24.875 66.8
24.5 22.875 66.7
-24.5 22.875 66.7
24 21.25 67.3
-24 21.25 67.3
23 20 67
-23 20 67
20.75 19 67.3
-20.75 19 67.3
19 20 67
-19 20 67
17.5 21.375 67.3
-17.5 21.375 67.3
17 23.375 66.7
-17 23.375 66.7
16.875 25 66.8
-16.875 25 66.8
17.5 26.5 66.25
-17.5 26.5 66.25
18.75 27.5 66.7
-18.75 27.5 66.7
14.5 25.75 63.25
-14.5 25.75 63.25
16.25 27.5 62.5
-16.25 27.5 62.5
17.75 29 62.25
-17.75 29 62.25
20.25 29.5 62.125
-20.25 29.5 62.125
22.75 29 62.125
-22.75 29 62.125
26 27.625 62.4
-26 27.625 62.4
26.25 25.75 63.25
-26.25 25.75 63.25
27.25 23 64.125
-27.25 23 64.125
27.5 20.125 65.25
-27.5 20.125 65.25
29.5 18.25 63
-29.5 18.25 63
30 21.5 60.5
-30 21.5 60.5
15.5 28.5 60.3
-15.5 28.5 60.3
16.5 30 58.5
-16.5 30 58.5
18 30.25 58.75
-18 30.25 58.75
20.25 30.625 58.75
-20.25 30.625 58.75
23.375 30.375 58.75
-23.375 30.375 58.75
26 28.75 59.25
-26 28.75 59.25
27.75 27.25 59.5
-27.75 27.25 59.5
29.125 25.375 59.75
-29.125 25.375 59.75
30.125 23.625 59
-30.125 23.625 59
17.25 30.625 56
-17.25 30.625 56
18.25 30.75 56
-18.25 30.75 56
23.5 30.75 56
-23.5 30.75 56
25.875 29.75 55.75
-25.875 29.75 55.75
28.5 28.375 55.25
-28.5 28.375 55.25
29.875 27 55
-29.875 27 55
30 25.625 54.75
-30 25.625 54.75
23.125 31.375 53.5
-23.125 31.375 53.5
25.875 30.75 53.625
-25.875 30.75 53.625
28.25 29.5 53.5
-28.25 29.5 53.5
29.75 28 53.375
-29.75 28 53.375
29.875 26.5 53.25
-29.875 26.5 53.25
19.75 31.875 48.5
-19.75 31.875 48.5
20.5 31.75 48.5
-20.5 31.75 48.5
22.5 31.625 48.375
-22.5 31.625 48.375
25.625 30.875 48.25
-25.625 30.875 48.25
28.125 30 48.125
-28.125 30 48.125
29.5 28.625 48
-29.5 28.625 48
29.25 27.125 47.875
-29.25 27.125 47.875
24.625 30.75 43.25
-24.625 30.75 43.25
26.5 30.125 43.25
-26.5 30.125 43.25
28.375 29.125 43.25
-28.375 29.125 43.25
29.875 28 43.5
-29.875 28 43.5
30 26.375 43.75
-30 26.375 43.75
26.125 28.625 38.75
-26.125 28.625 38.75
28.25 27.5 39
-28.25 27.5 39
0 0 0
29 26 39.5
-29 26 39.5
30 24.5 40.5
-30 24.5 40.5
25.875 25.625 34.5
-25.875 25.625 34.5
28 24.25 35
-28 24.25 35
29.25 23.25 36.26
-29.25 23.25 36.26
30 21.75 37.5
-30 21.75 37.5
26.375 21.625 30.75
-26.375 21.625 30.75
28.25 20.5 32
-28.25 20.5 32
29 19.5 33.5
-29 19.5 33.5
29.5 18 35.5
-29.5 18 35.5
26.625 17.25 28.625
-26.625 17.25 28.625
28 16.75 30
-28 16.75 30
29.75 15.75 31.75
-29.75 15.75 31.75
30.25 14 34.25
-30.25 14 34.25
26.5 13.125 27.25
-26.5 13.125 27.25
28.25 13 28.5
-28.25 13 28.5
29.25 12 30.5
-29.25 12 30.5
29.5 10.5 34
-29.5 10.5 34
26.875 10.75 26.625
-26.875 10.75 26.625
27.5 10.25 27
-27.5 10.25 27
28.75 10.25 28
-28.75 10.25 28
28.25 8.75 27.75
-28.25 8.75 27.75
29.75 9 32
-29.75 9 32
20.5 31 56.5
-20.5 31 56.5
19.125 31 56.125
-19.125 31 56.125
19 31.5 53.75
-19 31.5 53.75
20.125 31.5 50.5
-20.125 31.5 50.5
20.75 31.5 50.125
-20.75 31.5 50.125
21.375 31.625 50.5
-21.375 31.625 50.5
22.375 31.375 52.5
-22.375 31.375 52.5
22.75 30.875 54.75
-22.75 30.875 54.75
21.75 30.75 55.5
-21.75 30.75 55.5
19.125 32.75 54.75
-19.125 32.75 54.75
21.75 32.75 54.75
-21.75 32.75 54.75
20.75 32 50.75
-20.75 32 50.75
20.5 23 67.5
-20.5 23 67.5
19 31.25 55
-19 31.25 55
8.25 15.75 71
-8.25 15.75 71
5 12.5 71.5
-5 12.5 71.5
26.75 11.5 -0.75
-26.75 11.5 -0.75
26.25 11.5 5.75
-26.25 11.5 5.75
25.5 11.5 12.25
-25.5 11.5 12.25
25 11.5 18.25
-25 11.5 18.25
26 28 18.5
-26 28 18.5
26.75 28 12.5
-26.75 28 12.5
27.25 28.25 6.25
-27.25 28.25 6.25
27.75 30 -1.75
-27.75 30 -1.75
27.75 21 -1
-27.75 21 -1
27.25 20.75 6
-27.25 20.75 6
26.5 20.25 12.5
-26.5 20.25 12.5
25.75 20 18.75
-25.75 20 18.75
27.75 34.25 -7.25
-27.75 34.25 -7.25
27.5 34.25 -1.5
-27.5 34.25 -1.5
26.75 34 6
-26.75 34 6
26.25 34.25 12.25
-26.25 34.25 12.25
25.5 34 18
-25.5 34 18
24.75 35.5 18
-24.75 35.5 18
25.5 35.5 12
-25.5 35.5 12
26 35.5 6
-26 35.5 6
26.5 35.75 -1.25
-26.5 35.75 -1.25
26.75 35.75 -7
-26.75 35.75 -7
26.75 35.75 -9.5
-26.75 35.75 -9.5
26.5 37 -9.5
-26.5 37 -9.5
26.25 37 -7.25
-26.25 37 -7.25
25.75 37 5.75
-25.75 37 5.75
25.75 36.75 12
-25.75 36.75 12
24.5 36.5 18
-24.5 36.5 18
24.25 37.25 19.75
-24.25 37.25 19.75
23.75 38.75 21
-23.75 38.75 21
23.75 39.75 21
-23.75 39.75 21
23.5 43.5 19
-23.5 43.5 19
23 45.5 17.25
-23 45.5 17.25
22.5 46.75 16.25
-22.5 46.75 16.25
22.25 48.25 15
-22.25 48.25 15
22.25 49.5 13.5
-22.25 49.5 13.5
22.25 50 12
-22.25 50 12
22.75 51.5 4.25
-22.75 51.5 4.25
23 51.75 -3.75
-23 51.75 -3.75
23.5 51.75 -9.75
-23.5 51.75 -9.75
23.75 51.25 -10.75
-23.75 51.25 -10.75
23.75 50.75 -11
-23.75 50.75 -11
24 49.75 -11
-24 49.75 -11
25.5 44.5 -11
-25.5 44.5 -11
26.5 39.5 -11.25
-26.5 39.5 -11.25
26.5 38.5 -11
-26.5 38.5 -11
26.75 37.75 -10.5
-26.75 37.75 -10.5
26 37.2 -9.5
-26 37.2 -9.5
25.75 37.2 -7
-25.75 37.2 -7
25 37.25 5.75
-25 37.25 5.75
24.25 37.25 12
-24.25 37.25 12
23.75 37.25 18
-23.75 37.25 18
23.75 37.5 19.5
-23.75 37.5 19.5
23.5 38.25 20.5
-23.5 38.25 20.5
23.25 39.75 20.75
-23.25 39.75 20.75
23 43.5 19
-23 43.5 19
22.5 45.5 17.25
-22.5 45.5 17.25
22.25 46.75 16.25
-22.25 46.75 16.25
22 48.25 15
-22 48.25 15
22.25 49 13.5
-22.25 49 13.5
22.25 49.5 12
-22.25 49.5 12
22.5 51 3.4
-22.5 51 3.4
22.75 51.5 -3.5
-22.75 51.5 -3.5
23.25 51.5 -9.25
-23.25 51.5 -9.25
23.25 51.2 -10.5
-23.25 51.2 -10.5
23.25 50.5 -11
-23.25 50.5 -11
23.75 49.5 -11
-23.75 49.5 -11
24.75 44 -11.25
-24.75 44 -11.25
25.5 39.25 -11.25
-25.5 39.25 -11.25
25.75 38.25 -11
-25.75 38.25 -11
25.75 37.25 -10.23
-25.75 37.25 -10.23
22.5 53 -3.75
-22.5 53 -3.75
22.6 52.5 4.55
-22.6 52.5 4.55
22.003 51.022 11.995
-22.003 51.022 11.995
21.75 50.5 14.25
-21.75 50.5 14.25
22.079 49.054 15.969
-22.079 49.054 15.969
22.1 47.8 17.1
-22.1 47.8 17.1
22.25 46.5 18.25
-22.25 46.5 18.25
22.81 44.2 20.125
-22.81 44.2 20.125
23.5 39.5 22.5
-23.5 39.5 22.5
22.35 52.75 0
-22.35 52.75 0
22.1 51.75 8.5
-22.1 51.75 8.5
22.8 44.3 20
-22.8 44.3 20
23.5 37.67 23.5
-23.5 37.67 23.5
16.5 38.75 29.5
-16.5 38.75 29.5
10.75 39.5 30.25
-10.75 39.5 30.25
6.25 39.75 31
-6.25 39.75 31
3.5 39.5 34
-3.5 39.5 34
1.75 39.25 38.5
-1.75 39.25 38.5
1.25 39 43.25
-1.25 39 43.25
1 35.75 53.75
-1 35.75 53.75
1 33.5 59
-1 33.5 59
0.75 28.75 65.5
-0.75 28.75 65.5
1 26 68
-1 26 68
1.2 21.75 70.5
-1.2 21.75 70.5
2.5 18 72
-2.5 18 72
5 19.25 71.5
-5 19.25 71.5
8.1 24 68.25
-8.1 24 68.25
10.25 28 65
-10.25 28 65
12.75 31.75 59
-12.75 31.75 59
14.5 34.5 54
-14.5 34.5 54
17.25 36.75 43.75
-17.25 36.75 43.75
18.5 38.25 33.75
-18.5 38.25 33.75
18.25 38.5 31
-18.25 38.5 31
16.5 39.25 29.25
-16.5 39.25 29.25
10.25 40 30
-10.25 40 30
6 40.25 31.25
-6 40.25 31.25
3.25 40 34.25
-3.25 40 34.25
1.5 39.75 38.5
-1.5 39.75 38.5
1 39.5 43.25
-1 39.5 43.25
0.75 36.25 53.75
-0.75 36.25 53.75
0.75 34 59
-0.75 34 59
0.5 29.25 65.5
-0.5 29.25 65.5
0.75 26.5 68
-0.75 26.5 68
1 22.25 70.5
-1 22.25 70.5
2.5 18.5 72.75
-2.5 18.5 72.75
5.25 19.75 71.75
-5.25 19.75 71.75
8.35 24.5 68.5
-8.35 24.5 68.5
10.5 28.5 65.25
-10.5 28.5 65.25
13 32.25 59
-13 32.25 59
14.75 35 54
-14.75 35 54
17.5 37.25 43.75
-17.5 37.25 43.75
18.75 38.75 33.75
-18.75 38.75 33.75
18.5 39 31
-18.5 39 31
19.75 38.37 26
-19.75 38.37 26
10.25 39.87 27.63
-10.25 39.87 27.63
4.75 40.75 28.5
-4.75 40.75 28.5
0 40.75 29
0 40.25 34
0 39.25 43.25
0 36.75 54
0 34.25 59.25
0 29.25 65.5
0 26.25 68
0 22 70.25
0 15.75 72.5
0 13.25 72
0 12 71.5
22.25 36.5 26
-22.25 36.5 26
3.25 13.75 72
-3.25 13.75 72
3 16.5 71.5
-3 16.5 71.5
7.75 17 70.75
-7.75 17 70.75
6.5 18.25 71
-6.5 18.25 71
11 23.5 67.5
-11 23.5 67.5
9.5 24 68
-9.5 24 68
13 26.5 64.75
-13 26.5 64.75
12 27.5 65.25
-12 27.5 65.25
15.5 31 59
-15.5 31 59
14.25 32 59.5
-14.25 32 59.5
17 33.75 53.25
-17 33.75 53.25
16 34.5 53.25
-16 34.5 53.25
19 35.75 43.75
-19 35.75 43.75
18 36.75 43.75
-18 36.75 43.75
21.5 37.75 34.25
-21.5 37.75 34.25
20.5 38 34
-20.5 38 34
19.5 38.75 31
-19.5 38.75 31
9.25 39.75 35.75
-9.25 39.75 35.75
8.75 38.75 43.5
-8.75 38.75 43.5
7 36 54
-7 36 54
6.25 33.5 59.5
-6.25 33.5 59.5
5.5 29.25 65
-5.5 29.25 65
4.5 25.5 68.25
-4.5 25.5 68.25
22 37.5 31
-22 37.5 31
0 40.75 24.37
0 40.25 25.25
4 40 25.5
-4 40 25.5
3.86 40.63 24.37
-3.86 40.63 24.37
0 40.63 27.37
4.5 40.37 27.25
-4.5 40.37 27.25
0 40.63 28.75
4.5 40.37 28.5
-4.5 40.37 28.5
10.25 40.12 24.4
-10.25 40.12 24.4
10.25 40.25 25.25
-10.25 40.25 25.25
10.25 39.87 26.74
-10.25 39.87 26.74
20 39 23.75
-20 39 23.75
20 38.5 25
-20 38.5 25
21.5 40 23.37
-21.5 40 23.37
22.25 38.75 24.5
-22.25 38.75 24.5
22.25 37.5 26
-22.25 37.5 26
22.67 39.67 23.13
-22.67 39.67 23.13
20.75 45.375 21
-20.75 45.375 21
22.3 44.62 20
-22.3 44.62 20
20.25 44.75 20.8
-20.25 44.75 20.8
22.3 52.8 0
-22.3 52.8 0
21.7 52.9 0
-21.7 52.9 0
20.5 54.75 0
-20.5 54.75 0
19.375 55.625 0
-19.375 55.625 0
19.25 55.75 0
-19.25 55.75 0
13 58.25 0
-13 58.25 0
0 59 0
22.8 53.4 -13.5
-22.8 53.4 -13.5
22.7 52.95 -13.5
-22.7 52.95 -13.5
22.2 53 -13.5
-22.2 53 -13.5
20.75 54.5 -13.5
-20.75 54.5 -13.5
19.625 55.25 -13.5
-19.625 55.25 -13.5
19.5 55.375 -13.5
-19.5 55.375 -13.5
13 58.5 -13.5
-13 58.5 -13.5
0 59.375 -13.5
22.55 51.55 -25.75
-22.55 51.55 -25.75
20.125 53.625 -25.75
-20.125 53.625 -25.75
19 54.25 -25.75
-19 54.25 -25.75
13 57.375 -25.75
-13 57.375 -25.75
0 58.5 -25.75
20.375 50.875 -36.5
-20.375 50.875 -36.5
19.25 51.5 -36.5
-19.25 51.5 -36.5
12 54.625 -36.5
-12 54.625 -36.5
0 55.625 -36.5
19.875 45.875 -46.375
-19.875 45.875 -46.375
18.75 46.75 -46.75
-18.75 46.75 -46.75
17 48 -46.875
-17 48 -46.875
16.375 47.75 -47
-16.375 47.75 -47
15.75 49.25 -45.375
-15.75 49.25 -45.375
15.5 48.875 -46
-15.5 48.875 -46
11 51.25 -44.75
-11 51.25 -44.75
11 51 -45.375
-11 51 -45.375
0 52 -44.75
0 51.375 -45.375
18.75 41.25 -50.25
-18.75 41.25 -50.25
17.375 41.75 -50.75
-17.375 41.75 -50.75
16.625 42.25 -51
-16.625 42.25 -51
16 41.375 -51.5
-16 41.375 -51.5
16 39.125 -53.625
-16 39.125 -53.625
15.5 39.625 -53
-15.5 39.625 -53
13.75 39.375 -55.75
-13.75 39.375 -55.75
10.5 40.125 -56.625
-10.5 40.125 -56.625
0 40.375 -57.875
0 41.375 -56.875
10.5 40.625 -55.625
-10.5 40.625 -55.625
13.5 39.75 -54.625
-13.5 39.75 -54.625
22.05 51.8 8.5
-22.05 51.8 8.5
21.2 53.75 8.5
-21.2 53.75 8.5
20 53.875 8.5
-20 53.875 8.5
19.875 54 8.5
-19.875 54 8.5
12 56.875 8.5
-12 56.875 8.5
0 57.875 8.5
19.875 52.125 14.25
-19.875 52.125 14.25
20.5 50.75 17.25
-20.5 50.75 17.25
18.75 51.125 17.75
-18.75 51.125 17.75
18.25 50 17.5
-18.25 50 17.5
16.125 52.75 16
-16.125 52.75 16
15.75 51.75 16.125
-15.75 51.75 16.125
12 54.75 16.25
-12 54.75 16.25
12 53.5 16.375
-12 53.5 16.375
0 55.25 16
0 54.25 16.125
19.5 47.875 19.375
-19.5 47.875 19.375
20 48.25 19.5
-20 48.25 19.5
21.9 47.9 17.5
-21.9 47.9 17.5
3  1  7   9   1
3  1  2   10   8
4 1  3   1   9   11
4 1  10   2   4   12
3  1  13   11   3
3  1  4   12   14
4 1  15   17   7   5
4 1  8   18   16   6
4 1  17   19   9   7
4 1  10   20   18   8
4 1  19   21   11   9
4 1  12   22   20   10
4 1  21   23   13   11
4 1  14   24   22   12
4 1  25   27   17   15
4 1  18   28   26   16
4 1  27   29   19   17
4 1  20   30   28   18
4 1  29   31   21   19
4 1  22   32   30   20
4 1  31   33   23   21
4 1  24   34   32   22
4 1  35   37   27   25
4 1  28   38   36   26
4 1  37   39   29   27
4 1  30   40   38   28
4 1  39   41   31   29
4 1  32   42   40   30
4 1  41   43   33   31
4 1  34   44   42   32
4 1  45   47   37   35
4 1  38   48   46   36
4 1  47   49   39   37
4 1  40   50   48   38
4 1  49   51   41   39
4 1  42   52   50   40
4 1  51   53   43   41
4 1  44   54   52   42
4 1  55   57   47   45
4 1  48   58   56   46
4 1  57   59   49   47
4 1  50   60   58   48
4 1  59   61   51   49
4 1  52   62   60   50
4 1  61   63   53   51
4 1  54   64   62   52
5 1  67   59   57   55   65
5 1  60   68   66   56   58
5 1  71   61   59   67   69
5 1  60   62   72   70   68
4 1  71   73   63   61
4 1  64   74   72   62
4 1  75   77   67   65
4 1  68   78   76   66
4 1  77   79   69   67
4 1  70   80   78   68
5 1  83   71   69   79   81
5 1  70   72   84   82   80
4 1  83   85   73   71
4 1  74   86   84   72
4 1  91   93   81   79
4 1  82   94   92   80
5 1  93   103   105   83   81
5 1  106   104   94   82   84
4 1  105   107   85   83
4 1  86   108   106   84
4 1  101   103   93   91
4 1  94   104   102   92
4 1  109   111   103   101
4 1  104   112   110   102
5 1  111   113   107   105   103
5 1  108   114   112   104   106
5 1  115   117   113   111   109
5 1  114   118   116   110   112
4 1  119   121   117   115
4 1  118   122   120   116
3  1  125   121   119
3  1  120   122   126
3  1  123   125   119
3  1  120   126   124
4 1  123   119   97   95
4 1  98   120   124   96
3  1  97   99   95
3  1  96   100   98
4 1  99   89   87   95
4 1  88   90   100   96
4 1  87   89   77   75
4 1  78   90   88   76
3  1  65   55   157
3  1  158   56   66
4 1  163   165   161   162
4 1  166   164   162   161
3  1  163   167   165
3  1  166   168   164
4 1  167   171   169   165
4 1  170   172   168   166
4 1  171   173   177   169
4 1  178   174   172   170
5 1  173   175   125   179   177
5 1  126   176   174   178   180
4 1  125   123   181   179
4 1  182   124   126   180
3  1  123   95   181
3  1  182   96   124
4 1  194   195   184   183
4 1  185   196   194   183
4 1  195   197   186   184
4 1  187   198   196   185
4 1  197   199   188   186
4 1  189   200   198   187
4 1  199   201   190   188
4 1  191   202   200   189
4 1  201   203   192   190
4 1  193   204   202   191
4 1  213   214   195   194
4 1  196   215   213   194
3  1  216   195   214
3  1  215   196   217
4 1  216   205   197   195
4 1  198   206   217   196
4 1  205   207   199   197
4 1  200   208   206   198
4 1  207   209   201   199
4 1  202   210   208   200
4 1  209   211   203   201
4 1  204   212   210   202
3  1  218   205   216
3  1  217   206   219
3  1  222   205   218
3  1  219   206   223
4 1  222   224   207   205
4 1  208   225   223   206
4 1  224   226   209   207
4 1  210   227   225   208
4 1  226   181   211   209
4 1  212   182   227   210
3  1  228   214   213
3  1  213   215   228
3  1  216   214   228
3  1  228   215   217
4 1  220   218   216   228
4 1  217   219   221   228
4 1  271   261   220   228
4 1  221   262   271   228
3  1  251   220   261
3  1  262   221   252
3  1  251   229   220
3  1  221   230   252
3  1  229   222   220
3  1  221   223   230
3  1  241   229   251
3  1  252   230   242
3  1  231   229   241
3  1  242   230   232
4 1  231   224   222   229
4 1  223   225   232   230
3  1  233   224   231
3  1  232   225   234
3  1  235   224   233
3  1  234   225   236
3  1  237   224   235
3  1  236   225   238
4 1  237   239   226   224
4 1  227   240   238   225
4 1  239   179   181   226
4 1  182   180   240   227
4 1  241   243   233   231
4 1  234   244   242   232
4 1  243   245   235   233
4 1  236   246   244   234
4 1  245   247   237   235
4 1  238   248   246   236
4 1  247   249   239   237
4 1  240   250   248   238
4 1  249   177   179   239
4 1  180   178   250   240
4 1  251   253   243   241
4 1  244   254   252   242
4 1  253   255   245   243
4 1  246   256   254   244
4 1  255   257   247   245
4 1  248   258   256   246
4 1  257   259   249   247
4 1  250   260   258   248
4 1  259   169   177   249
4 1  178   170   260   250
4 1  261   263   253   251
4 1  254   264   262   252
4 1  263   265   255   253
4 1  256   266   264   254
4 1  265   267   257   255
4 1  258   268   266   256
4 1  267   269   259   257
4 1  260   270   268   258
4 1  269   165   169   259
4 1  170   166   270   260
4 1  271   272   263   261
4 1  264   272   271   262
4 1  272   273   265   263
4 1  266   273   272   264
4 1  273   274   267   265
4 1  268   274   273   266
4 1  274   275   269   267
4 1  270   275   274   268
4 1  275   161   165   269
4 1  166   161   275   270
4 1  281   279   277   276
4 1  278   280   281   276
4 1  298   296   214   213
4 1  215   297   298   213
4 1  289   290   296   298
4 1  297   291   289   298
4 1  288   286   290   289
4 1  291   287   288   289
4 1  296   294   216   214
4 1  217   295   297   215
4 1  290   292   294   296
4 1  295   293   291   297
4 1  294   282   218   216
4 1  219   283   295   217
4 1  292   284   282   294
4 1  283   285   293   295
4 1  290   286   284   292
4 1  285   287   291   293
3  1  181   95   211
3  1  212   96   182
4 1  319   321   301   299
4 1  302   322   320   300
4 1  321   323   303   301
4 1  304   324   322   302
4 1  323   325   305   303
4 1  306   326   324   304
4 1  325   327   307   305
4 1  308   328   326   306
4 1  331   333   307   327
4 1  308   334   332   328
3  1  329   331   327
3  1  328   332   330
3  1  335   307   333
3  1  334   308   336
3  1  309   307   335
3  1  336   308   310
4 1  311   309   335   343
4 1  336   310   312   344
4 1  345   347   311   343
4 1  312   348   346   344
4 1  347   349   313   311
4 1  314   350   348   312
5 1  5   315   313   25   351
5 1  314   316   6   352   26
3  1  349   25   313
3  1  314   26   350
3  1  317   319   299
3  1  300   320   318
5 1  395   353   355   317   299
5 1  356   354   396   300   318
5 1  397   357   359   355   353
5 1  360   358   398   354   356
4 1  361   363   359   357
4 1  360   364   362   358
5 1  361   365   367   363   361
5 1  368   366   362   362   364
5 1  399   385   375   367   365
5 1  376   386   400   366   368
5 1  385   387   379   377   375
5 1  380   388   386   376   378
4 1  381   371   369   379
4 1  370   372   382   380
4 1  337   339   331   329
4 1  332   340   338   330
4 1  339   341   333   331
4 1  334   342   340   332
4 1  341   343   335   333
4 1  336   344   342   334
3  1  369   339   337
3  1  338   340   370
4 1  369   371   341   339
4 1  342   372   370   340
5 1  371   373   345   343   341
5 1  346   374   372   342   344
4 1  381   383   373   371
4 1  374   384   382   372
3  1  383   45   373
3  1  374   46   384
5 1  35   349   347   345   45
5 1  348   350   36   46   346
3  1  373   45   345
3  1  346   46   374
3  1  55   45   383
3  1  384   46   56
4 1  387   389   381   379
4 1  382   390   388   380
4 1  389   55   383   381
4 1  384   56   390   382
4 1  401   391   387   385
4 1  388   392   402   386
4 1  391   393   389   387
4 1  390   394   392   388
3  1  393   157   389
3  1  390   158   394
3  1  157   55   389
3  1  390   56   158
3  1  192   393   391
3  1  392   394   193
4 1  192   65   157   393
4 1  158   66   193   394
4 1  203   75   65   192
4 1  66   76   204   193
4 1  211   87   75   203
4 1  76   88   212   204
3  1  405   403   409
3  1  410   404   406
4 1  427   421   419   425
4 1  420   422   428   426
4 1  429   423   421   427
4 1  422   424   430   428
4 1  431   439   423   429
4 1  424   440   432   430
3  1  433   439   431
3  1  432   440   434
5 1  435   445   443   433   431
5 1  444   446   436   432   434
4 1  421   417   441   419
4 1  442   418   422   420
4 1  417   413   411   441
4 1  412   414   418   442
4 1  413   409   407   411
4 1  408   410   414   412
3  1  409   403   407
3  1  408   404   410
4 1  423   437   417   421
4 1  418   438   424   422
3  1  439   437   423
3  1  424   438   440
3  1  437   415   417
3  1  418   416   438
4 1  415   409   413   417
4 1  414   410   416   418
3  1  405   409   415
3  1  416   410   406
3  1  475   469   447
3  1  448   470   476
4 1  467   457   449   447
4 1  450   458   468   448
3  1  469   467   447
3  1  448   468   470
4 1  457   461   451   449
4 1  452   462   458   450
4 1  461   463   453   451
4 1  454   464   462   452
3  1  465   463   461
3  1  462   464   466
3  1  607   465   461
3  1  462   466   608
3  1  609   465   607
3  1  608   466   610
3  1  605   609   607
3  1  608   610   606
3  1  627   611   605
3  1  606   612   628
3  1  611   609   605
3  1  606   610   612
3  1  627   629   611
3  1  612   630   628
3  1  627   605   603
3  1  604   606   628
3  1  625   627   603
3  1  604   628   626
3  1  625   603   601
3  1  602   604   626
3  1  623   625   601
3  1  602   626   624
4 1  621   623   601   599
4 1  602   624   622   600
4 1  619   621   599   597
4 1  600   622   620   598
4 1  617   619   597   595
4 1  598   620   618   596
5 1  615   617   595   593   613
5 1  596   618   616   614   594
3  1  613   593   591
3  1  592   594   614
3  1  471   469   475
3  1  476   470   472
4 1  501   499   467   469
4 1  468   500   502   470
4 1  533   501   469   471
4 1  470   502   534   472
4 1  533   531   499   501
4 1  500   532   534   502
4 1  553   551   531   533
4 1  532   552   554   534
4 1  471   555   553   533
4 1  554   556   472   534
4 1  499   497   457   467
4 1  458   498   500   468
4 1  499   531   529   497
4 1  530   532   500   498
4 1  531   551   549   529
4 1  550   552   532   530
3  1  459   461   457
3  1  458   462   460
3  1  493   461   459
3  1  460   462   494
4 1  497   495   459   457
4 1  460   496   498   458
4 1  529   527   495   497
4 1  496   528   530   498
4 1  549   547   527   529
4 1  528   548   550   530
3  1  495   493   459
3  1  460   494   496
3  1  527   493   495
3  1  496   494   528
4 1  547   545   493   527
4 1  494   546   548   528
4 1  493   491   607   461
4 1  608   492   494   462
4 1  545   543   491   493
4 1  492   544   546   494
5 1  603   605   607   491   489
5 1  608   606   604   490   492
4 1  489   491   543   541
4 1  544   492   490   542
4 1  601   603   489   487
4 1  490   604   602   488
4 1  539   487   489   541
4 1  490   488   540   542
4 1  537   485   487   539
4 1  488   486   538   540
4 1  599   601   487   485
4 1  488   602   600   486
4 1  597   599   485   483
4 1  486   600   598   484
4 1  483   485   537   535
4 1  538   486   484   536
4 1  595   597   483   481
4 1  484   598   596   482
4 1  481   483   535   561
4 1  536   484   482   562
4 1  479   481   561   559
4 1  562   482   480   560
4 1  479   593   595   481
4 1  596   594   480   482
4 1  473   591   593   479
4 1  594   592   474   480
4 1  473   479   559   557
4 1  560   480   474   558
3  1  591   473   477
3  1  478   474   592
4 1  471   555   557   473
4 1  558   556   472   474
3  1  473   471   477
3  1  478   472   474
4 1  471   477   591   475
4 1  592   478   472   476
3  1  643   629   627
3  1  628   630   644
3  1  641   643   627
3  1  628   644   642
3  1  641   627   625
3  1  626   628   642
3  1  639   641   625
3  1  626   642   640
4 1  637   639   625   623
4 1  626   640   638   624
4 1  651   653   643   641
4 1  644   654   652   642
4 1  649   651   641   639
4 1  642   652   650   640
4 1  647   649   639   637
4 1  640   650   648   638
4 1  635   637   623   621
4 1  624   638   636   622
5 1  730   746   635   621   619
5 1  636   747   731   620   622
5 1  633   732   730   619   617
5 1  731   733   634   618   620
4 1  756   633   631   403
4 1  632   634   757   404
3  1  734   750   403
3  1  404   751   735
4 1  631   633   617   615
4 1  618   634   632   616
3  1  756   732   633
3  1  634   733   757
4 1  655   736   734   403
4 1  735   737   656   404
4 1  655   657   738   736
4 1  739   658   656   737
5 1  744   742   645   635   746
5 1  646   743   745   747   636
4 1  645   647   637   635
4 1  638   648   646   636
6 1  740   738   657   659   645   742
6 1  658   739   741   743   646   660
4 1  659   661   647   645
4 1  648   662   660   646
4 1  661   663   649   647
4 1  650   664   662   648
4 1  663   665   651   649
4 1  652   666   664   650
4 1  665   667   653   651
4 1  654   668   666   652
3  1  405   657   655
3  1  656   658   406
3  1  405   659   657
3  1  658   660   406
4 1  659   405   669   661
4 1  670   406   660   662
4 1  669   671   663   661
4 1  664   672   670   662
4 1  671   673   665   663
4 1  666   674   672   664
3  1  673   675   665
3  1  666   676   674
4 1  675   677   667   665
4 1  668   678   676   666
3  1  415   669   405
3  1  406   670   416
4 1  415   679   671   669
4 1  672   680   416   670
4 1  679   681   673   671
4 1  674   682   680   672
4 1  673   681   684   675
4 1  685   682   674   676
4 1  684   686   677   675
4 1  678   687   685   676
3  1  437   679   415
3  1  416   680   438
3  1  437   688   679
3  1  680   689   438
4 1  688   690   681   679
4 1  682   691   689   680
4 1  690   692   684   681
4 1  685   693   691   682
4 1  692   694   686   684
4 1  687   695   693   685
4 1  439   696   688   437
4 1  689   697   440   438
4 1  696   698   690   688
4 1  691   699   697   689
4 1  698   700   692   690
4 1  693   701   699   691
4 1  700   702   694   692
4 1  695   703   701   693
4 1  433   704   696   439
4 1  697   705   434   440
4 1  704   706   698   696
4 1  699   707   705   697
4 1  706   708   700   698
4 1  701   709   707   699
4 1  708   710   702   700
4 1  703   711   709   701
4 1  443   712   704   433
4 1  705   713   444   434
4 1  712   714   706   704
4 1  707   715   713   705
4 1  714   716   708   706
4 1  709   717   715   707
4 1  716   718   710   708
4 1  711   719   717   709
4 1  445   720   712   443
4 1  713   721   446   444
4 1  720   722   714   712
4 1  715   723   721   713
3  1  726   724   722
3  1  723   725   727
4 1  724   716   714   722
4 1  715   717   725   723
5 1  724   726   728   718   716
5 1  729   727   725   717   719
4 1  563   535   537   565
4 1  538   536   564   566
4 1  565   537   539   567
4 1  540   538   566   568
4 1  567   539   541   569
4 1  542   540   568   570
4 1  569   541   543   571
4 1  544   542   570   572
4 1  571   543   545   573
4 1  546   544   572   574
4 1  573   545   547   575
4 1  548   546   574   576
4 1  575   547   549   577
4 1  550   548   576   578
4 1  577   549   551   579
4 1  552   550   578   580
4 1  579   551   553   581
4 1  554   552   580   582
4 1  581   553   555   583
4 1  556   554   582   584
4 1  583   555   557   585
4 1  558   556   584   586
4 1  585   557   559   587
4 1  560   558   586   588
4 1  587   559   561   589
4 1  562   560   588   590
4 1  589   561   535   563
4 1  536   562   590   564
5 1  730   732   748   750   746
5 1  749   733   731   747   751
3  1  750   744   746
3  1  747   745   751
3  1  752   744   750
3  1  751   745   753
4 1  740   742   744   752
4 1  745   743   741   753
3  1  738   740   752
3  1  753   741   739
3  1  748   732   756
3  1  757   733   749
4 1  734   752   748   756
4 1  749   753   735   757
4 1  736   738   752   734
4 1  753   739   737   735
3  1  752   750   748
3  1  749   751   753
3  1  758   475   447
3  1  448   476   759
3  1  760   758   447
3  1  448   759   761
5 1  309   786   804   806   307
5 1  805   787   310   308   807
4 1  315   762   778   313
4 1  779   763   316   314
4 1  762   764   780   778
4 1  781   765   763   779
4 1  764   766   782   780
4 1  783   767   765   781
4 1  766   768   784   782
4 1  785   769   767   783
4 1  768   435   431   784
4 1  432   436   769   785
4 1  784   431   429   770
4 1  430   432   785   771
4 1  782   784   770   772
4 1  771   785   783   773
4 1  780   782   772   774
4 1  773   783   781   775
4 1  778   780   774   776
4 1  775   781   779   777
4 1  313   778   776   311
4 1  777   779   314   312
5 1  311   776   788   786   309
5 1  789   777   312   310   787
4 1  776   774   790   788
4 1  791   775   777   789
4 1  774   772   792   790
4 1  793   773   775   791
4 1  772   770   794   792
4 1  795   771   773   793
4 1  427   425   796   794
4 1  797   426   428   795
4 1  770   429   427   794
4 1  428   430   771   795
4 1  786   788   802   804
4 1  803   789   787   805
4 1  788   790   800   802
4 1  801   791   789   803
4 1  790   792   798   800
4 1  799   793   791   801
4 1  792   794   796   798
4 1  797   795   793   799
4 1  806   804   810   808
4 1  811   805   807   809
5 1  802   800   812   810   804
5 1  813   801   803   805   811
4 1  800   798   814   812
4 1  815   799   801   813
4 1  798   796   816   814
4 1  817   797   799   815
4 1  796   425   818   816
4 1  819   426   797   817
4 1  808   810   858   856
4 1  859   811   809   857
4 1  810   812   860   858
4 1  861   813   811   859
4 1  812   814   862   860
4 1  863   815   813   861
4 1  814   816   864   862
4 1  865   817   815   863
4 1  816   818   866   864
4 1  867   819   817   865
5 1  818   425   928   920   820
5 1  929   426   819   821   921
4 1  818   820   868   866
4 1  869   821   819   867
5 1  824   822   920   926   918
5 1  921   823   825   919   927
3  1  822   820   920
3  1  921   821   823
4 1  868   820   822   870
4 1  823   821   869   871
4 1  870   822   824   872
4 1  825   823   871   873
4 1  824   918   916   826
4 1  917   919   825   827
4 1  874   872   824   826
4 1  825   873   875   827
4 1  826   916   914   828
4 1  915   917   827   829
4 1  876   874   826   828
4 1  827   875   877   829
4 1  828   914   912   830
4 1  913   915   829   831
4 1  878   876   828   830
4 1  829   877   879   831
4 1  830   912   910   832
4 1  911   913   831   833
4 1  880   878   830   832
4 1  831   879   881   833
4 1  834   832   910   908
4 1  911   833   835   909
4 1  882   880   832   834
4 1  833   881   883   835
5 1  836   834   908   924   906
5 1  909   835   837   907   925
4 1  884   882   834   836
4 1  835   883   885   837
5 1  838   836   906   922   904
5 1  907   837   839   905   923
4 1  886   884   836   838
4 1  837   885   887   839
4 1  840   838   904   299
4 1  905   839   841   300
4 1  888   886   838   840
4 1  839   887   889   841
3  1  842   840   299
3  1  300   841   843
4 1  890   888   840   842
4 1  841   889   891   843
4 1  892   890   842   844
4 1  843   891   893   845
4 1  846   894   892   844
4 1  893   895   847   845
5 1  301   846   844   842   299
5 1  845   847   302   300   843
4 1  303   848   846   301
4 1  847   849   304   302
4 1  848   896   894   846
4 1  895   897   849   847
4 1  305   850   848   303
4 1  849   851   306   304
4 1  850   898   896   848
4 1  897   899   851   849
4 1  307   852   850   305
4 1  851   853   308   306
4 1  852   900   898   850
4 1  899   901   853   851
4 1  854   902   900   852
4 1  901   903   855   853
4 1  808   856   902   854
4 1  903   857   809   855
5 1  806   808   854   852   307
5 1  855   809   807   308   853
5 1  968   966   1063   932   930
5 1  1064   967   969   931   933
4 1  1063   936   934   932
4 1  935   937   1064   933
5 1  1065   940   938   936   1063
5 1  939   941   1066   1064   937
4 1  1067   942   940   1065
4 1  941   943   1068   1066
4 1  1069   944   942   1067
4 1  943   945   1070   1068
4 1  1071   946   944   1069
4 1  945   947   1072   1070
4 1  1073   948   946   1071
4 1  947   949   1074   1072
5 1  956   954   950   948   1073
5 1  951   955   957   1074   949
3  1  954   952   950
3  1  951   953   955
4 1  1073   1071   958   956
4 1  959   1072   1074   957
4 1  1071   1069   960   958
4 1  961   1070   1072   959
4 1  1069   1067   962   960
4 1  963   1068   1070   961
4 1  1067   1065   964   962
4 1  965   1066   1068   963
4 1  1065   1063   966   964
4 1  967   1064   1066   965
4 1  1075   1027   419   441
4 1  420   1028   1076   442
4 1  1061   1010   1027   1075
4 1  1028   1011   1062   1076
3  1  1008   1010   1061
3  1  1062   1011   1009
3  1  970   1010   1008
3  1  1009   1011   971
4 1  972   1012   1010   970
4 1  1011   1013   973   971
4 1  974   1014   1012   972
4 1  1013   1015   975   973
5 1  976   1017   1016   1014   974
5 1  1016   1017   977   975   1015
5 1  978   980   1018   1017   976
5 1  1018   981   979   977   1017
4 1  982   1019   1018   980
4 1  1018   1019   983   981
4 1  984   1020   1019   982
4 1  1019   1020   985   983
4 1  986   1021   1020   984
4 1  1020   1021   987   985
4 1  988   1022   1021   986
4 1  1021   1022   989   987
4 1  990   1023   1022   988
4 1  1022   1023   991   989
4 1  992   1024   1023   990
4 1  1023   1024   993   991
4 1  1031   1025   1024   992
4 1  1024   1025   1032   993
5 1  1029   760   1026   1025   1031
5 1  1026   761   1030   1032   1025
4 1  992   994   1029   1031
4 1  1030   995   993   1032
3  1  1029   994   1035
3  1  1036   995   1030
3  1  1029   1035   1033
3  1  1034   1036   1030
4 1  758   760   1029   1033
4 1  1030   761   759   1034
4 1  1037   475   758   1033
4 1  759   476   1038   1034
4 1  1039   1037   1033   1035
4 1  1034   1038   1040   1036
4 1  994   996   1039   1035
4 1  1040   997   995   1036
4 1  1041   591   475   1037
4 1  476   592   1042   1038
4 1  1043   1041   1037   1039
4 1  1038   1042   1044   1040
4 1  996   998   1043   1039
4 1  1044   999   997   1040
4 1  1045   615   591   1041
4 1  592   616   1046   1042
4 1  1047   1045   1041   1043
4 1  1042   1046   1048   1044
4 1  998   1000   1047   1043
4 1  1048   1001   999   1044
4 1  1049   403   615   1045
4 1  616   404   1050   1046
4 1  1051   1049   1045   1047
4 1  1046   1050   1052   1048
4 1  1000   1002   1051   1047
4 1  1052   1003   1001   1048
4 1  1053   407   403   1049
4 1  404   408   1054   1050
4 1  1055   1053   1049   1051
4 1  1050   1054   1056   1052
4 1  1002   1004   1055   1051
4 1  1056   1005   1003   1052
4 1  1057   411   407   1053
4 1  408   412   1058   1054
4 1  1059   1057   1053   1055
4 1  1054   1058   1060   1056
4 1  1004   1006   1059   1055
4 1  1060   1007   1005   1056
4 1  1075   441   411   1057
4 1  412   442   1076   1058
4 1  1061   1075   1057   1059
4 1  1058   1076   1062   1060
4 1  1006   1008   1061   1059
4 1  1062   1009   1007   1060
4 1  968   1008   1006   966
4 1  1007   1009   969   967
4 1  930   970   1008   968
4 1  1009   971   931   969
4 1  932   972   970   930
4 1  971   973   933   931
4 1  934   974   972   932
4 1  973   975   935   933
4 1  936   976   974   934
4 1  975   977   937   935
4 1  938   978   976   936
4 1  977   979   939   937
4 1  940   980   978   938
4 1  979   981   941   939
4 1  942   982   980   940
4 1  981   983   943   941
4 1  944   984   982   942
4 1  983   985   945   943
4 1  946   986   984   944
4 1  985   987   947   945
4 1  948   988   986   946
4 1  987   989   949   947
4 1  950   990   988   948
4 1  989   991   951   949
4 1  952   992   990   950
4 1  991   993   953   951
4 1  992   994   954   952
4 1  955   995   993   953
4 1  956   996   994   954
4 1  995   997   957   955
4 1  958   998   996   956
4 1  997   999   959   957
4 1  960   1000   998   958
4 1  999   1001   961   959
4 1  962   1002   1000   960
4 1  1001   1003   963   961
4 1  964   1004   1002   962
4 1  1003   1005   965   963
4 1  966   1006   1004   964
4 1  1005   1007   967   965
4 1  1081   1079   1078   1077
4 1  1078   1080   1082   1077
4 1  1079   1084   1083   1078
4 1  1083   1085   1080   1078
4 1  1084   1087   1086   1083
4 1  1086   1088   1085   1083
4 1  1091   1079   1081   1089
4 1  1082   1080   1092   1090
4 1  1093   1084   1079   1091
4 1  1080   1085   1094   1092
4 1  1012   1087   1084   1093
4 1  1085   1088   1013   1094
4 1  1097   1091   1089   1095
4 1  1090   1092   1098   1096
3  1  1093   1091   1097
3  1  1098   1092   1094
4 1  1010   1012   1093   1097
4 1  1094   1013   1011   1098
4 1  1101   1097   1095   1099
4 1  1096   1098   1102   1100
4 1  1101   1103   1010   1097
4 1  1011   1104   1102   1098
3  1  928   1103   1101
3  1  1102   1104   929
4 1  425   419   1103   928
4 1  1104   420   426   929
3  1  1105   1101   1099
3  1  1100   1102   1106
4 1  920   928   1101   1105
4 1  1102   929   921   1106
3  1  1105   1099   1107
3  1  1108   1100   1106
4 1  1109   920   1105   1107
4 1  1106   921   1110   1108
3  1  1099   1111   1107
3  1  1108   1112   1100
3  1  918   920   1109
3  1  1110   921   919
3  1  726   722   1
3  1  2   723   727
3  1  7   1   722
3  1  723   2   8
3  1  7   722   720
3  1  721   723   8
3  1  7   315   5
3  1  6   316   8
3  1  720   315   7
3  1  8   316   721
3  1  720   762   315
3  1  316   763   721
3  1  720   764   762
3  1  763   765   721
3  1  720   766   764
3  1  765   767   721
3  1  720   768   766
3  1  767   769   721
4 1  435   768   720   445
4 1  721   769   436   446
4 1  1154   1147   1149   1156
4 1  1149   1148   1155   1156
4 1  1147   1138   1140   1149
4 1  1140   1139   1148   1149
4 1  1138   1123   1125   1140
4 1  1125   1124   1139   1140
4 1  1123   1205   1207   1125
4 1  1207   1206   1124   1125
4 1  1145   1147   1154   1152
4 1  1155   1148   1146   1153
4 1  1136   1138   1147   1145
4 1  1148   1139   1137   1146
4 1  1121   1123   1138   1136
4 1  1139   1124   1122   1137
4 1  1189   1193   1192   1191
4 1  1192   1194   1190   1191
4 1  1187   1195   1193   1189
4 1  1194   1196   1188   1190
4 1  1169   1154   1156   1173
4 1  1156   1155   1170   1173
4 1  1165   1152   1154   1169
4 1  1155   1153   1166   1170
4 1  1203   1205   1123   1121
4 1  1124   1206   1204   1122
4 1  184   1189   1191   183
4 1  1191   1190   185   183
4 1  186   1187   1189   184
4 1  1190   1188   187   185
4 1  1183   1185   1195   1187
4 1  1196   1186   1184   1188
4 1  1171   1169   1173   1174
4 1  1173   1170   1172   1174
4 1  1167   1165   1169   1171
4 1  1170   1166   1168   1172
4 1  1163   1161   1165   1167
4 1  1166   1162   1164   1168
4 1  1181   1179   1161   1163
4 1  1162   1180   1182   1164
4 1  1185   1183   1179   1181
4 1  1180   1184   1186   1182
4 1  188   1183   1187   186
4 1  1188   1184   189   187
4 1  188   1177   1179   1183
4 1  1180   1178   189   1184
4 1  1177   1159   1161   1179
4 1  1162   1160   1178   1180
4 1  190   1175   1177   188
4 1  1178   1176   191   189
4 1  1175   1157   1159   1177
4 1  1160   1158   1176   1178
4 1  1152   1165   1161   1159
4 1  1162   1166   1153   1160
4 1  1150   1152   1159   1157
4 1  1160   1153   1151   1158
4 1  1143   1145   1152   1150
4 1  1153   1146   1144   1151
4 1  1132   1136   1145   1143
4 1  1146   1137   1133   1144
4 1  1117   1121   1136   1132
4 1  1137   1122   1118   1133
4 1  1199   1203   1121   1117
4 1  1122   1204   1200   1118
4 1  391   401   1175   190
4 1  1176   402   392   191
3  1  192   391   190
3  1  191   392   193
4 1  401   399   1157   1175
4 1  1158   400   402   1176
3  1  361   1150   1157
3  1  1158   1151   362
3  1  399   361   1157
3  1  1158   362   400
4 1  397   1143   1150   361
4 1  1151   1144   398   362
4 1  395   1132   1143   397
4 1  1144   1133   396   398
4 1  922   1117   1132   395
4 1  1133   1118   923   396
4 1  924   1199   1117   922
4 1  1118   1200   925   923
4 1  1205   1220   1224   1207
4 1  1224   1221   1206   1207
4 1  1220   1222   1225   1224
4 1  1225   1223   1221   1224
4 1  1216   1220   1205   1203
4 1  1206   1221   1217   1204
4 1  1216   1218   1222   1220
4 1  1223   1219   1217   1221
4 1  1212   1214   1218   1216
4 1  1219   1215   1213   1217
4 1  1228   1226   1214   1212
4 1  1215   1227   1229   1213
4 1  1107   1111   1226   1228
4 1  1227   1112   1108   1229
3  1  1212   1216   1203
3  1  1204   1217   1213
3  1  1212   1203   1199
3  1  1200   1204   1213
3  1  1210   1212   1199
3  1  1200   1213   1211
4 1  1109   1107   1228   1230
4 1  1229   1108   1110   1231
4 1  914   918   1109   1230
4 1  1110   919   915   1231
4 1  910   1210   1199   924
4 1  1200   1211   911   925
3  1  1230   1210   910
3  1  911   1211   1231
3  1  914   1230   910
3  1  911   1231   915
3  1  1228   1212   1210
3  1  1211   1213   1229
3  1  1230   1228   1210
3  1  1211   1229   1231
