X29 * (c) Evans & Sutherland
4
1 590 541 8 2
1. 1. 0. 1. .1
0.000    -14.293  2.435   
0.000    -23.532  9.637   
-0.199   -14.492  2.417   
0.000    -23.602  9.631   
0.199    -14.492  2.417   
-0.399   -16.877  2.209   
-0.140   -24.436  9.558   
0.140    -24.436  9.558   
0.399    -16.877  2.209   
-0.399   -18.665  2.053   
-0.140   -25.062  9.504   
0.140    -25.062  9.504   
0.399    -18.665  2.053   
0.000    -23.931  1.593   
0.000    -27.166  10.021  
0.000    -24.055  9.892   
0.000    -24.966  10.013  
4.869    -23.717  -0.785  
4.869    -21.675  -0.628  
1.926    -21.675  -0.628  
1.829    -23.717  -0.785  
4.869    -10.225  -0.588  
2.277    -14.293  -0.602  
4.869    -10.225  -1.300  
4.869    -21.675  -0.942  
1.926    -21.675  -0.942  
2.277    -14.293  -1.173  
4.869    -13.194  -1.728  
4.869    -11.859  -0.952  
4.869    -11.717  -1.445  
-4.869   -23.717  -0.785  
-1.829   -23.717  -0.785  
-1.926   -21.675  -0.628  
-4.869   -21.675  -0.628  
-2.277   -14.293  -0.602  
-4.869   -10.225  -0.588  
-4.869   -10.225  -1.300  
-2.277   -14.293  -1.173  
-1.926   -21.675  -0.942  
-4.869   -21.675  -0.942  
-1.829   -23.717  -0.785  
-4.869   -23.717  -0.785  
-4.869   -13.194  -1.728  
-4.869   -11.717  -1.445  
-4.869   -11.859  -0.952  
4.869    -10.225  -0.588  
2.670    -5.969   -0.505  
6.253    -4.571   -0.535  
2.945    -3.385   -0.476  
6.680    -2.827   -0.786  
3.179    -1.187   -0.772  
6.880    -2.010   -1.156  
3.289    -0.157   -1.211  
3.179    -1.187   -0.772  
6.880    -2.010   -1.156  
6.911    -1.885   -1.268  
3.306    0.000    -1.343  
3.289    -0.157   -1.211  
6.911    -1.885   -1.429  
3.306    0.000    -1.547  
6.880    -2.010   -1.543  
3.289    -0.157   -1.680  
6.746    -2.560   -1.663  
3.215    -0.851   -1.819  
6.153    -4.979   -1.660  
2.891    -3.898   -1.799  
3.215    -0.851   -1.819  
6.153    -4.979   -1.660  
5.331    -8.340   -1.308  
2.670    -5.969   -1.580  
2.891    -3.898   -1.799  
4.869    -10.225  -1.300  
2.277    -14.293  -1.173  
-4.869   -10.225  -0.588  
-2.277   -14.293  -0.602  
-2.670   -5.969   -0.505  
-2.945   -3.385   -0.476  
-6.253   -4.571   -0.535  
-3.179   -1.187   -0.772  
-6.680   -2.827   -0.786  
-3.289   -0.157   -1.211  
-6.880   -2.010   -1.156  
-3.306   0.000    -1.343  
-6.911   -1.885   -1.268  
-3.306   0.000    -1.547  
-6.911   -1.885   -1.429  
-3.289   -0.157   -1.680  
-6.880   -2.010   -1.543  
-3.289   -0.157   -1.680  
-3.215   -0.851   -1.819  
-6.746   -2.560   -1.663  
-2.891   -3.898   -1.799  
-6.153   -4.979   -1.660  
-2.670   -5.969   -1.580  
-5.331   -8.340   -1.308  
-4.869   -10.225  -1.300  
-2.277   -14.293  -1.173  
16.806   -1.257   -1.099  
16.848   -0.550   -0.970  
16.845   -0.613   -0.746  
16.889   0.141    -0.905  
16.943   1.037    -0.916  
17.098   3.644    -0.694  
17.048   2.812    -0.556  
16.889   0.141    -0.586  
17.037   2.623    -1.126  
17.105   3.770    -1.140  
17.120   4.021    -1.080  
17.124   4.084    -1.017  
17.124   4.084    -0.952  
17.120   4.021    -0.889  
16.335   -0.337   -0.586  
16.335   -1.091   -0.754  
16.335   -1.728   -1.124  
6.911    -1.885   -1.268  
6.911    -1.885   -1.429  
6.880    -2.010   -1.543  
6.746    -2.560   -1.663  
6.153    -4.979   -1.660  
5.331    -8.340   -1.308  
16.335   -0.337   -0.923  
16.335   -1.028   -0.990  
-16.806  -1.257   -1.099  
-16.845  -0.613   -0.746  
-16.848  -0.550   -0.970  
-16.889  0.141    -0.905  
-16.889  0.141    -0.586  
-17.048  2.812    -0.556  
-17.098  3.644    -0.694  
-16.943  1.037    -0.916  
-17.120  4.021    -0.889  
-17.124  4.084    -0.952  
-17.124  4.084    -1.017  
-17.120  4.021    -1.080  
-17.105  3.770    -1.140  
-17.037  2.623    -1.126  
-16.335  -0.337   -0.586  
-4.869   -10.225  -0.588  
-6.253   -4.571   -0.535  
-16.335  -1.728   -1.124  
-16.335  -1.091   -0.754  
-6.680   -2.827   -0.786  
-6.880   -2.010   -1.156  
-6.911   -1.885   -1.268  
-6.911   -1.885   -1.429  
-6.880   -2.010   -1.543  
-16.335  -0.337   -0.923  
-16.335  -1.028   -0.990  
-3.848   9.267    -0.542  
-3.848   11.780   -0.660  
-8.639   7.853    -0.660  
-8.639   7.030    -0.621  
-3.848   7.068    -0.503  
-8.639   6.310    -0.608  
-3.848   4.869    -0.542  
-8.639   5.589    -0.621  
-3.848   2.670    -0.660  
-8.639   4.869    -0.660  
-3.848   9.267    -0.777  
-8.639   7.030    -0.698  
-3.848   7.068    -0.817  
-8.639   6.310    -0.711  
-3.848   4.869    -0.777  
-8.639   5.589    -0.698  
-3.848   4.869    -0.777  
-3.848   2.670    -0.660  
-8.639   4.869    -0.660  
-8.639   5.589    -0.698  
-8.639   7.853    -0.660  
-8.639   7.030    -0.698  
-8.639   6.310    -0.711  
-8.639   5.589    -0.621  
-8.639   6.310    -0.608  
-8.639   7.030    -0.621  
3.848    11.780   -0.660  
3.848    9.267    -0.542  
8.639    7.030    -0.621  
8.639    7.853    -0.660  
3.848    7.068    -0.503  
8.639    6.310    -0.608  
3.848    4.869    -0.542  
8.639    5.589    -0.621  
3.848    4.869    -0.542  
3.848    2.670    -0.660  
8.639    4.869    -0.660  
8.639    5.589    -0.621  
3.848    9.267    -0.777  
3.848    11.780   -0.660  
8.639    7.853    -0.660  
8.639    7.030    -0.698  
3.848    7.068    -0.817  
8.639    6.310    -0.711  
3.848    4.869    -0.777  
8.639    5.589    -0.698  
8.639    7.030    -0.621  
8.639    6.310    -0.608  
8.639    4.869    -0.660  
8.639    5.589    -0.698  
8.639    6.310    -0.711  
8.639    7.030    -0.698  
-4.869   -13.194  -1.728  
-4.869   -11.859  -0.952  
-4.869   -11.717  -1.445  
-16.335  -1.728   -1.124  
-0.197   11.309   4.398   
-0.337   2.670    3.377   
0.337    2.670    3.377   
0.197    11.309   4.398   
-0.589   11.350   4.294   
-0.718   2.670    3.272   
0.718    2.670    3.272   
0.589    11.350   4.294   
-0.974   11.438   4.075   
-1.092   2.670    3.049   
1.092    2.670    3.049   
0.974    11.438   4.075   
-1.298   11.566   3.754   
-1.407   2.670    2.725   
1.407    2.670    2.725   
1.298    11.566   3.754   
-1.489   11.697   3.428   
-1.571   2.670    2.435   
1.571    2.670    2.435   
1.489    11.697   3.428   
-1.571   11.818   3.126   
1.571    11.818   3.126   
-1.571   12.094   2.435   
1.571    12.094   2.435   
0.196    16.178   4.123   
0.196    15.974   4.175   
-0.196   15.974   4.175   
-0.196   16.178   4.123   
0.196    16.178   4.123   
0.589    16.178   4.018   
0.589    15.974   4.070   
0.196    15.974   4.175   
-0.196   16.178   4.123   
-0.196   15.974   4.175   
-0.589   15.974   4.070   
-0.589   16.178   4.018   
0.974    16.178   3.796   
0.974    15.974   3.847   
-0.974   15.974   3.847   
-0.974   16.178   3.796   
1.298    16.178   3.471   
1.298    15.974   3.523   
-1.298   15.974   3.523   
-1.298   16.178   3.471   
1.489    16.178   3.141   
1.489    15.974   3.193   
-1.489   15.974   3.193   
-1.489   16.178   3.141   
1.571    16.178   2.835   
1.571    15.974   2.887   
-1.571   15.974   2.887   
-1.571   16.178   2.835   
1.571    16.178   2.435   
1.571    15.974   2.435   
-1.571   15.974   2.435   
-1.571   16.178   2.435   
-0.196   20.419   2.435   
-0.589   20.155   2.435   
-0.974   19.597   2.435   
-1.298   18.782   2.435   
1.298    18.782   2.435   
0.974    19.597   2.435   
0.589    20.155   2.435   
0.196    20.419   2.435   
-1.489   17.953   2.435   
-1.571   17.185   2.435   
1.571    17.185   2.435   
1.489    17.953   2.435   
-1.571   13.822   2.435   
1.571    13.822   2.435   
1.571    12.094   2.435   
-1.571   11.818   3.126   
-1.489   11.697   3.428   
-1.298   11.566   3.754   
-0.974   11.438   4.075   
-0.589   11.350   4.294   
-0.197   11.309   4.398   
0.197    11.309   4.398   
0.589    11.350   4.294   
0.974    11.438   4.075   
1.298    11.566   3.754   
1.489    11.697   3.428   
1.571    11.818   3.126   
-0.193   15.974   4.175   
-0.196   13.822   4.476   
0.196    13.822   4.476   
-0.589   13.822   4.371   
0.589    13.822   4.371   
-0.974   13.822   4.149   
0.974    13.822   4.149   
-1.298   13.822   3.825   
1.298    13.822   3.825   
-1.489   13.822   3.495   
1.489    13.822   3.495   
-1.571   13.822   3.189   
1.571    13.822   3.189   
0.000    33.298   0.236   
0.157    33.298   0.145   
0.000    33.298   0.000   
-0.157   33.298   0.145   
0.778    31.257   0.250   
0.778    31.257   0.170   
1.257    28.900   0.365   
1.257    28.900   0.205   
0.000    31.257   0.903   
0.314    31.257   0.840   
-0.314   31.257   0.840   
-0.589   31.257   0.681   
0.589    31.257   0.681   
0.778    31.257   0.353   
-0.778   31.257   0.353   
0.778    31.257   0.000   
-0.778   31.257   0.000   
-0.606   31.257   -0.267  
0.606    31.257   -0.267  
0.330    31.257   -0.426  
-0.330   31.257   -0.426  
0.163    31.257   -0.471  
-0.163   31.257   -0.471  
-0.157   28.900   1.453   
0.157    28.900   1.453   
0.487    28.900   1.365   
-0.487   28.900   1.365   
0.911    28.900   1.120   
-0.911   28.900   1.120   
1.257    28.900   0.521   
-1.257   28.900   0.521   
1.257    28.900   0.000   
-1.257   28.900   0.000   
0.957    28.900   -0.518  
-0.957   28.900   -0.518  
0.518    28.900   -0.772  
-0.518   28.900   -0.772  
0.175    28.900   -0.864  
-0.175   28.900   -0.864  
-0.236   26.309   1.846   
0.236    26.309   1.846   
0.754    26.309   1.707   
-0.754   26.309   1.707   
1.194    26.309   1.453   
-1.194   26.309   1.453   
1.571    26.309   0.800   
-1.571   26.309   0.800   
1.571    26.309   0.000   
-1.571   26.309   0.000   
1.217    26.309   -0.691  
-1.217   26.309   -0.691  
0.754    26.309   -0.958  
-0.754   26.309   -0.958  
0.228    26.309   -1.099  
-0.228   26.309   -1.099  
-0.346   20.419   2.435   
0.346    20.419   2.435   
0.942    20.419   2.275   
-0.942   20.419   2.275   
1.531    20.419   1.935   
-1.531   20.419   1.935   
1.885    20.419   1.322   
-1.885   20.419   1.322   
1.885    20.419   -0.550  
-1.885   20.419   -0.550  
1.631    20.419   -0.990  
-1.631   20.419   -0.990  
1.162    20.419   -1.260  
-1.162   20.419   -1.260  
0.589    20.419   -1.414  
-0.589   20.419   -1.414  
-1.885   16.178   1.890   
1.885    16.178   1.890   
1.885    16.178   -0.628  
-1.885   16.178   -0.628  
1.613    16.178   -1.099  
-1.613   16.178   -1.099  
1.147    16.178   -1.369  
-1.147   16.178   -1.369  
0.686    16.178   -1.492  
-0.686   16.178   -1.492  
1.571    13.194   2.435   
1.885    13.194   1.890   
-1.885   13.194   1.890   
-1.571   13.194   2.435   
1.885    13.194   -0.707  
-1.885   13.194   -0.707  
1.622    13.194   -1.162  
-1.622   13.194   -1.162  
1.147    13.194   -1.437  
-1.147   13.194   -1.437  
0.647    13.194   -1.571  
-0.647   13.194   -1.571  
1.571    2.670    2.435   
-1.571   2.670    2.435   
1.571    2.670    -2.356  
-1.571   2.670    -2.356  
1.407    0.000    2.512   
2.519    0.000    2.512   
2.513    2.670    2.435   
-0.337   2.670    3.377   
-0.337   0.000    3.164   
0.337    0.000    3.164   
0.337    2.670    3.377   
-0.718   2.670    3.272   
-0.718   0.000    3.058   
0.718    0.000    3.058   
0.718    2.670    3.272   
-1.092   2.670    3.049   
-1.092   0.000    2.835   
1.092    0.000    2.835   
1.092    2.670    3.049   
-1.407   2.670    2.725   
-1.407   0.000    2.512   
1.407    2.670    2.725   
-2.513   2.670    2.435   
-2.519   0.000    2.512   
3.377    2.670    2.435   
-3.377   2.670    2.435   
3.069    0.000    2.194   
3.730    2.670    2.231   
-3.730   2.670    2.231   
-3.069   0.000    2.194   
3.306    0.000    1.785   
3.848    2.670    2.026   
-3.848   2.670    2.026   
-3.306   0.000    1.785   
3.306    0.000    -1.895  
3.848    2.670    -1.806  
-3.848   2.670    -1.806  
-3.306   0.000    -1.895  
3.221    0.000    -2.210  
-3.221   0.000    -2.210  
3.621    2.670    -2.199  
-3.621   2.670    -2.199  
3.064    0.000    -2.367  
-3.064   0.000    -2.367  
2.519    0.000    -2.513  
-2.519   0.000    -2.513  
3.349    2.670    -2.356  
-3.349   2.670    -2.356  
2.513    2.670    -2.356  
-2.513   2.670    -2.356  
0.628    -5.969   2.749   
0.942    -5.969   2.749   
-0.628   -5.969   2.749   
-0.942   -5.969   2.749   
1.649    -5.969   2.559   
-1.649   -5.969   2.559   
2.356    -5.969   2.151   
-2.356   -5.969   2.151   
2.670    -5.969   1.607   
-2.670   -5.969   1.607   
2.670    -5.969   -1.728  
-2.670   -5.969   -1.728  
2.607    -5.969   -1.963  
-2.607   -5.969   -1.963  
2.238    -5.969   -2.332  
-2.238   -5.969   -2.332  
1.270    -5.969   -2.592  
-1.270   -5.969   -2.592  
-0.353   -14.293  2.435   
0.353    -14.293  2.435   
1.217    -14.293  2.203   
-1.217   -14.293  2.203   
1.924    -14.293  1.795   
-1.924   -14.293  1.795   
2.277    -14.293  1.183   
-2.277   -14.293  1.183   
2.277    -14.293  -1.414  
-2.277   -14.293  -1.414  
2.193    -14.293  -1.728  
-2.193   -14.293  -1.728  
1.885    -14.293  -2.036  
-1.885   -14.293  -2.036  
0.398    -14.293  -2.435  
-0.398   -14.293  -2.435  
-0.314   -24.188  1.571   
0.314    -24.188  1.571   
0.746    -24.188  1.455   
-0.746   -24.188  1.455   
1.414    -24.188  1.070   
-1.414   -24.188  1.070   
1.806    -24.188  0.389   
-1.806   -24.188  0.389   
1.806    -24.188  -0.942  
-1.806   -24.188  -0.942  
1.728    -24.188  -1.236  
-1.728   -24.188  -1.236  
1.256    -24.188  -1.707  
-1.256   -24.188  -1.707  
0.594    -24.188  -1.885  
-0.594   -24.188  -1.885  
-0.151   -26.702  0.974   
0.151    -26.702  0.974   
0.452    -26.702  0.893   
-0.452   -26.702  0.893   
0.709    -26.702  0.745   
-0.709   -26.702  0.745   
0.925    -26.702  0.528   
-0.925   -26.702  0.528   
1.064    -26.702  0.288   
-1.064   -26.702  0.288   
1.141    -26.702  0.000   
-1.141   -26.702  0.000   
1.141    -26.702  -0.300  
-1.141   -26.702  -0.300  
1.064    -26.702  -0.587  
-1.064   -26.702  -0.587  
0.916    -26.702  -0.843  
-0.916   -26.702  -0.843  
0.690    -26.702  -1.070  
-0.690   -26.702  -1.070  
0.452    -26.702  -1.207  
-0.452   -26.702  -1.207  
0.149    -26.702  -1.288  
-0.149   -26.702  -1.288  
0.000    -14.293  0.000   
2.513    11.309   0.000   
1.813    11.309   0.000   
3.671    5.812    2.277   
2.689    5.812    2.277   
3.784    5.812    2.213   
3.848    5.812    2.101   
3.848    5.812    -1.787  
3.848    9.424    -1.001  
3.783    5.812    -1.899  
3.672    5.812    -1.963  
2.690    5.812    -1.963  
2.577    5.812    -1.899  
2.513    5.812    -1.787  
2.513    9.424    -1.002  
2.513    5.812    2.101   
2.578    5.812    2.213   
3.783    9.424    -1.114  
3.672    9.424    -1.178  
2.690    9.424    -1.178  
2.577    9.424    -1.113  
3.691    12.722   1.806   
2.670    12.722   1.806   
3.848    12.692   1.649   
3.848    12.251   -0.628  
3.691    12.221   -0.785  
2.670    12.221   -0.785  
2.513    12.251   -0.628  
2.513    12.692   1.649   
2.592    12.236   -0.707  
2.592    12.417   -0.668  
2.592    12.771   -0.565  
2.592    12.928   -0.445  
2.592    13.272   1.335   
2.592    13.194   1.571   
2.592    12.997   1.696   
2.592    12.707   1.728   
-1.813   11.309   0.000   
-2.513   11.309   0.000   
-3.671   5.812    2.277   
-2.689   5.812    2.277   
-3.784   5.812    2.213   
-3.848   5.812    2.101   
-3.848   9.424    -1.001  
-3.848   5.812    -1.787  
-3.783   5.812    -1.899  
-3.672   5.812    -1.963  
-2.690   5.812    -1.963  
-2.577   5.812    -1.899  
-2.513   5.812    -1.787  
-2.513   9.424    -1.002  
-2.513   5.812    2.101   
-2.578   5.812    2.213   
-3.783   9.424    -1.114  
-3.672   9.424    -1.178  
-2.690   9.424    -1.178  
-2.577   9.424    -1.113  
-3.691   12.722   1.806   
-2.670   12.722   1.806   
-3.848   12.692   1.649   
-3.848   12.251   -0.628  
-3.691   12.221   -0.785  
-2.670   12.221   -0.785  
-2.513   12.251   -0.628  
-2.513   12.692   1.649   
-2.592   12.707   1.728   
-2.592   12.997   1.696   
-2.592   13.194   1.571   
-2.592   13.272   1.335   
-2.592   12.928   -0.445  
-2.592   12.771   -0.565  
-2.592   12.417   -0.668  
-2.592   12.236   -0.707  
4 1 2 1 1 2
4 1 3 1 2 4
4 1 2 1 5 4
4 1 6 3 4 7
4 1 4 5 9 8
4 1 10 6 7 11
4 1 8 9 13 12
4 1 14 10 11 15
4 1 12 13 14 15
3 1 2 2 16
3 1 2 16 4
3 1 2 4 16
3 1 4 16 7
3 1 4 8 16
3 1 16 17 7
3 1 16 8 17
3 1 17 11 7
3 1 17 8 12
3 1 17 15 11
3 1 17 12 15
4 1 19 18 21 20
4 1 22 19 20 23
4 1 25 24 27 26
4 1 18 25 26 21
5 1 24 25 18 19 22
3 1 28 30 29
3 1 29 30 24
4 1 32 31 34 33
4 1 33 34 36 35
4 1 38 37 40 39
4 1 39 40 42 41
5 1 36 34 42 40 37
3 1 43 45 44
3 1 45 37 44
3 1 46 23 47
4 1 48 22 47 49
4 1 50 48 49 51
4 1 52 50 54 53
4 1 56 55 58 57
4 1 59 56 57 60
4 1 61 59 60 62
4 1 63 61 62 64
4 1 65 63 67 66
4 1 69 68 71 70
3 1 69 70 72
3 1 72 70 73
3 1 74 76 75
4 1 76 74 78 77
4 1 77 78 80 79
4 1 79 80 82 81
4 1 81 82 84 83
4 1 83 84 86 85
4 1 85 86 88 87
4 1 89 88 91 90
4 1 90 91 93 92
4 1 92 93 95 94
3 1 95 96 94
3 1 96 97 94
3 1 98 100 99
3 1 100 101 99
6 1 103 102 101 100 105 104
8 1 109 108 107 106 102 103 111 110
4 1 104 112 22 48
4 1 100 98 114 113
4 1 105 100 113 112
3 1 105 112 104
4 1 103 104 48 50
4 1 111 103 50 52
4 1 110 111 52 115
4 1 109 110 115 116
4 1 108 109 116 117
4 1 107 108 117 118
4 1 106 107 118 119
4 1 102 106 119 120
4 1 121 102 120 24
4 1 99 101 121 122
4 1 98 99 122 114
3 1 102 121 101
3 1 123 125 124
3 1 124 125 126
6 1 129 128 127 124 126 130
8 1 135 134 133 132 131 129 130 136
4 1 138 137 128 139
4 1 140 123 124 141
4 1 141 124 127 137
3 1 127 128 137
4 1 139 128 129 142
4 1 142 129 131 143
4 1 143 131 132 144
4 1 144 132 133 145
4 1 145 133 134 146
4 1 146 134 135 91
4 1 91 135 136 93
4 1 93 136 130 95
4 1 95 130 147 96
4 1 147 126 125 148
4 1 148 125 123 140
3 1 130 126 147
4 1 150 149 152 151
4 1 149 153 154 152
4 1 153 155 156 154
4 1 155 157 158 156
4 1 159 150 151 160
4 1 161 159 160 162
4 1 163 161 162 164
4 1 166 165 168 167
8 1 172 167 168 171 170 169 174 173
4 1 176 175 178 177
4 1 179 176 177 180
4 1 181 179 180 182
4 1 184 183 186 185
4 1 188 187 190 189
4 1 187 191 192 190
4 1 191 193 194 192
4 1 193 184 185 194
8 1 198 197 186 196 195 189 200 199
4 1 113 114 28 29
4 1 112 113 29 22
4 1 122 121 24 30
4 1 114 122 30 28
4 1 201 140 141 202
4 1 202 141 137 138
4 1 96 147 148 203
4 1 203 148 204 201
4 1 206 205 208 207
4 1 209 205 206 210
4 1 207 208 212 211
4 1 213 209 210 214
4 1 211 212 216 215
4 1 217 213 214 218
4 1 215 216 220 219
4 1 221 217 218 222
4 1 219 220 224 223
3 1 221 222 225
3 1 224 226 223
3 1 225 222 227
3 1 226 228 223
4 1 230 229 232 231
4 1 234 233 236 235
4 1 238 237 240 239
4 1 241 234 235 242
4 1 239 240 244 243
4 1 245 241 242 246
4 1 243 244 248 247
4 1 249 245 246 250
4 1 247 248 252 251
4 1 253 249 250 254
4 1 251 252 256 255
4 1 257 253 254 258
4 1 255 256 260 259
8 1 266 265 264 263 262 261 268 267
8 1 271 257 260 270 269 264 265 272
4 1 259 260 257 258
4 1 273 259 258 274
4 1 227 273 274 275
8 1 280 279 278 277 276 227 282 281
8 1 287 286 285 284 283 282 227 275
4 1 289 288 236 290
4 1 239 238 289 291
4 1 290 236 235 292
4 1 243 239 291 293
4 1 292 235 242 294
4 1 247 243 293 295
4 1 294 242 246 296
4 1 251 247 295 297
4 1 296 246 250 298
4 1 255 251 297 299
4 1 298 250 254 300
4 1 259 255 299 273
4 1 300 254 258 274
4 1 281 289 290 282
4 1 291 289 281 280
4 1 282 290 292 283
4 1 293 291 280 279
4 1 283 292 294 284
4 1 295 293 279 278
4 1 284 294 296 285
4 1 297 295 278 277
4 1 285 296 298 286
4 1 299 297 277 276
4 1 286 298 300 287
4 1 273 299 276 227
4 1 287 300 274 275
4 1 237 261 268 233
4 1 262 261 237 240
4 1 233 268 267 234
4 1 263 262 240 244
4 1 234 267 266 241
4 1 264 263 244 248
4 1 241 266 265 245
4 1 269 264 248 252
4 1 245 265 272 249
4 1 270 269 252 256
4 1 249 272 271 253
3 1 270 256 260
3 1 271 257 253
4 1 302 301 304 303
3 1 302 306 305
4 1 307 305 306 308
3 1 301 309 309
3 1 301 310 309
3 1 301 309 311
4 1 304 301 311 312
4 1 310 301 302 313
3 1 302 314 313
3 1 304 312 315
3 1 302 316 314
3 1 304 315 317
3 1 304 317 318
4 1 319 302 303 320
4 1 303 304 318 321
3 1 303 322 320
3 1 303 321 323
3 1 303 323 322
4 1 324 309 309 325
4 1 325 309 310 326
4 1 311 309 324 327
4 1 326 310 313 328
4 1 312 311 327 329
4 1 328 313 314 330
4 1 315 312 329 331
4 1 330 314 316 332
4 1 317 315 331 333
4 1 332 316 319 334
4 1 318 317 333 335
4 1 334 319 320 336
4 1 321 318 335 337
4 1 336 320 322 338
4 1 323 321 337 339
4 1 338 322 323 339
4 1 340 324 325 341
4 1 341 325 326 342
4 1 327 324 340 343
4 1 342 326 328 344
4 1 329 327 343 345
4 1 344 328 330 346
4 1 331 329 345 347
4 1 346 330 332 348
4 1 333 331 347 349
4 1 348 332 334 350
4 1 335 333 349 351
4 1 350 334 336 352
4 1 337 335 351 353
4 1 352 336 338 354
4 1 339 337 353 355
4 1 354 338 339 355
4 1 340 341 357 356
4 1 357 341 342 358
4 1 343 340 356 359
4 1 358 342 344 360
4 1 345 343 359 361
4 1 360 344 346 362
4 1 347 345 361 363
4 1 362 346 348 364
4 1 349 347 363 365
4 1 364 348 350 366
4 1 351 349 365 367
4 1 366 350 352 368
4 1 353 351 367 369
4 1 368 352 354 370
4 1 355 353 369 371
4 1 370 354 355 371
3 1 270 260 372
3 1 271 373 257
3 1 362 373 271
3 1 363 270 372
4 1 373 362 364 374
4 1 365 363 372 375
4 1 374 364 366 376
4 1 367 365 375 377
4 1 376 366 368 378
4 1 369 367 377 379
4 1 378 368 370 380
4 1 371 369 379 381
4 1 380 370 371 381
3 1 356 261 262
3 1 357 267 268
3 1 356 262 359
3 1 357 358 267
3 1 359 262 263
3 1 358 266 267
3 1 359 263 361
3 1 358 360 266
3 1 361 263 264
3 1 360 265 266
3 1 361 264 269
3 1 360 272 265
3 1 361 269 363
3 1 360 362 272
3 1 363 269 270
3 1 362 271 272
4 1 382 257 373 383
4 1 372 260 385 384
4 1 383 373 374 386
4 1 375 372 384 387
4 1 386 374 376 388
4 1 377 375 387 389
4 1 388 376 378 390
4 1 379 377 389 391
4 1 390 378 380 392
4 1 381 379 391 393
4 1 380 381 393 392
3 1 382 383 394
3 1 385 395 384
4 1 394 383 386 396
4 1 387 384 395 397
3 1 386 388 396
3 1 387 397 389
3 1 388 390 396
3 1 389 397 391
3 1 390 392 396
3 1 391 397 393
4 1 396 392 393 397
4 1 398 394 400 399
4 1 402 401 404 403
4 1 405 401 402 406
4 1 403 404 408 407
4 1 409 405 406 410
4 1 407 408 412 411
4 1 413 409 410 414
4 1 411 412 415 398
3 1 413 414 395
3 1 415 394 398
4 1 416 395 414 417
3 1 400 418 399
3 1 416 417 419
4 1 399 418 421 420
4 1 422 419 417 423
4 1 420 421 425 424
4 1 426 422 423 427
4 1 424 425 429 428
4 1 430 426 427 431
3 1 429 432 428
3 1 430 431 433
3 1 429 434 432
3 1 430 433 435
3 1 434 436 432
3 1 435 433 437
3 1 434 438 436
3 1 435 437 439
3 1 434 440 438
3 1 435 439 441
3 1 440 442 438
3 1 441 439 443
3 1 442 396 438
3 1 443 439 397
4 1 438 396 397 439
4 1 444 398 399 445
4 1 446 402 403 444
3 1 402 446 406
3 1 403 407 444
3 1 406 446 410
3 1 407 411 444
3 1 410 446 414
3 1 411 398 444
4 1 417 414 446 447
3 1 399 448 445
3 1 417 447 449
4 1 448 399 420 450
4 1 423 417 449 451
4 1 450 420 424 452
4 1 427 423 451 453
4 1 452 424 428 454
4 1 431 427 453 455
4 1 454 428 432 456
4 1 433 431 455 457
4 1 456 432 436 458
4 1 437 433 457 459
4 1 458 436 438 460
4 1 439 437 459 461
4 1 460 438 439 461
4 1 446 444 463 462
3 1 447 446 462
3 1 445 463 444
4 1 463 445 448 464
4 1 449 447 462 465
4 1 464 448 450 466
4 1 451 449 465 467
4 1 466 450 452 468
4 1 453 451 467 469
4 1 468 452 454 470
4 1 455 453 469 471
4 1 470 454 456 472
4 1 457 455 471 473
4 1 472 456 458 474
4 1 459 457 473 475
4 1 474 458 460 476
4 1 461 459 475 477
4 1 476 460 461 477
4 1 478 462 463 479
4 1 479 463 464 480
4 1 465 462 478 481
4 1 480 464 466 482
4 1 467 465 481 483
4 1 482 466 468 484
4 1 469 467 483 485
4 1 484 468 470 486
4 1 471 469 485 487
4 1 486 470 472 488
4 1 473 471 487 489
4 1 488 472 474 490
4 1 475 473 489 491
4 1 490 474 476 492
4 1 477 475 491 493
4 1 492 476 477 493
4 1 494 478 479 495
4 1 495 479 480 496
4 1 481 478 494 497
4 1 496 480 482 498
4 1 483 481 497 499
3 1 482 500 498
3 1 483 499 501
4 1 500 482 484 502
4 1 485 483 501 503
3 1 484 504 502
3 1 485 503 505
4 1 504 484 486 506
4 1 487 485 505 507
4 1 506 486 488 508
4 1 489 487 507 509
3 1 488 510 508
3 1 489 509 511
4 1 510 488 490 512
4 1 491 489 511 513
3 1 490 514 512
3 1 491 513 515
4 1 514 490 492 516
4 1 493 491 515 517
4 1 516 492 493 517
3 1 495 518 494
3 1 496 518 495
3 1 494 518 497
3 1 498 518 496
3 1 497 518 499
3 1 500 518 498
3 1 499 518 501
3 1 502 518 500
3 1 501 518 503
3 1 504 518 502
3 1 503 518 505
3 1 506 518 504
3 1 505 518 507
3 1 508 518 506
3 1 507 518 509
3 1 510 518 508
3 1 509 518 511
3 1 512 518 510
3 1 511 518 513
3 1 514 518 512
3 1 513 518 515
3 1 516 518 514
3 1 515 518 517
3 1 517 518 516
4 1 400 394 520 519
4 1 520 396 442 519
4 1 522 521 418 400
4 1 418 521 523 421
4 1 421 523 524 425
5 1 429 425 524 526 525
4 1 429 525 527 434
4 1 434 527 528 440
4 1 440 528 529 442
3 1 529 530 442
3 1 530 531 442
5 1 442 531 532 533 400
3 1 533 534 400
3 1 534 522 400
4 1 525 526 535 527
4 1 527 535 536 528
4 1 528 536 537 529
4 1 529 537 538 530
4 1 530 538 532 531
4 1 540 539 521 522
3 1 539 523 521
3 1 539 541 523
3 1 541 524 523
4 1 524 541 542 526
3 1 542 535 526
3 1 542 543 535
3 1 543 536 535
4 1 536 543 544 537
3 1 544 538 537
3 1 544 545 538
3 1 545 532 538
4 1 532 545 546 533
3 1 546 534 533
3 1 546 540 534
3 1 540 522 534
8 1 545 544 543 542 541 539 540 546
8 1 552 551 550 549 548 547 554 553
4 1 551 546 545 550
3 1 554 546 553
3 1 553 546 552
3 1 552 546 551
3 1 550 545 549
3 1 549 545 548
3 1 548 545 547
4 1 555 395 416 556
4 1 443 397 555 556
4 1 419 557 558 416
4 1 559 557 419 422
4 1 560 559 422 426
5 1 562 561 560 426 430
4 1 563 562 430 435
4 1 564 563 435 441
4 1 565 564 441 443
3 1 565 443 566
3 1 566 443 567
5 1 416 569 568 567 443
3 1 569 416 570
3 1 570 416 558
4 1 571 561 562 563
4 1 572 571 563 564
4 1 573 572 564 565
4 1 574 573 565 566
4 1 568 574 566 567
4 1 557 575 576 558
3 1 575 557 559
3 1 575 559 577
3 1 577 559 560
4 1 578 577 560 561
3 1 578 561 571
3 1 578 571 579
3 1 579 571 572
4 1 580 579 572 573
3 1 580 573 574
3 1 580 574 581
3 1 581 574 568
4 1 582 581 568 569
3 1 582 569 570
3 1 582 570 576
3 1 576 570 558
8 1 578 579 580 581 582 576 575 577
8 1 588 587 586 585 584 583 590 589
4 1 581 582 586 587
3 1 583 584 582
3 1 584 585 582
3 1 585 586 582
3 1 587 588 581
3 1 588 589 581
3 1 589 590 581
