  0
  1
    1.6337173663064D-02   0.63842580301547   0.20043748006593  0.
    2.5000000000000    1.1612143841730   10.0000000000000    6.7500000000000D-02
    1.0000000000000    1.0000000000000D-01   0.72241750000000    4.0000000000000
   0.14479954325553    6.0000000000000  0.    1.0000000000000D-01    1.0000000000000D-01
   -4.3637768131677D-07   -6.6600000000000D+35    1.8563072103884D-05
  0.
   -9.4384511536208   -1.0399999618530   -8.6523897837754D-04    8.6523916317865D-04
  0.  0.  0.  0.
   -6.6600000000000D+35  0.  0.  0.  0.
  0
  2
    1.6489675700449D-02   0.65660824253572   0.17937826088909  0.
    2.5000000000000    1.1790190427513   10.0000000000000    6.7500000000000D-02
    1.0000000000000    1.0000000000000D-01   0.82241750000000    4.0000000000000
   0.14752382087475    6.0000000000000    2.0000000000000    1.0000000000000D-01
   0.30000000000000   -5.4870669521910D-04   -6.6600000000000D+35    2.2475711497316D-02
   0.10531439095968
   -9.6742080137943   -1.0399999618530   -3.1882414572855D-02    3.1882414937780D-02
  0.  0.  0.  0.
   -6.6600000000000D+35  0.  0.  0.  0.
  0
  3
    1.7106843831038D-02   0.69135308668973   0.13736226236319  0.
    2.5000000000000    1.2155056885154   10.0000000000000    6.7500000000000D-02
    1.0000000000000    1.0000000000000D-01    1.1224175000000    4.0000000000000
   0.15417780711604    6.0000000000000    2.0000000000000   0.30000000000000
   0.90000000000000   -2.1577006233617D-03   -6.6600000000000D+35    8.1293379161584D-02
   0.41240428747702
  -10.1535733175586   -1.0399999618530   -6.8024495109481D-02    6.8024496130329D-02
  0.  0.  0.  0.
   -6.6600000000000D+35  0.  0.  0.  0.
  0
  4
    1.9715008760690D-02   0.72663720486556    8.3922153830089D-02  0.
    2.5000000000000    1.2721726579126   10.0000000000000    6.7500000000000D-02
    1.0000000000000    1.0000000000000D-01    2.0224175000000    4.0000000000000
   0.16972563254366    6.0000000000000    3.0000000000000   0.90000000000000
    1.0000000000000   -8.0175195344473D-03   -6.6600000000000D+35   0.25836678563338
    1.3164611231574
   -10.815824028616   -1.0399999618530  -0.14272823931256   0.14272823932414
  0.  0.  0.  0.
   -6.6600000000000D+35  0.  0.  0.  0.
  0
  5
    2.3734930322086D-02   0.72804737756418    6.1708584977500D-02  0.
    2.5000000000000    1.3168594443826   10.0000000000000    6.7500000000000D-02
    1.0000000000000    1.0000000000000D-01    3.0224175000000    4.0000000000000
   0.18650910713623    6.0000000000000    2.0000000000000    1.0000000000000
    1.0000000000000   -1.7223423822590D-02   -6.6600000000000D+35   0.48092337524511
    2.3177145875123
   -11.166226165293   -1.0399999618530  -0.21534573920601   0.21534571434248
  0.  0.  0.  0.
   -6.6600000000000D+35  0.  0.  0.  0.
  0
  6
    2.9485718577175D-02   0.71336257568737    5.1200782439025D-02  0.
    2.5000000000000    1.3676867797480   10.0000000000000    6.7500000000000D-02
    1.0000000000000    1.0000000000000D-01    4.0224175000000    4.0000000000000
   0.20595092329643    6.0000000000000    2.0000000000000    1.0000000000000
    1.0000000000000   -2.9687280260851D-02   -6.6600000000000D+35   0.70852440859603
    3.3191847802321
   -11.412634613332   -1.0399999618530  -0.28503853035334   0.28503844327661
  0.  0.  0.  0.
   -6.6600000000000D+35  0.  0.  0.  0.
  0
  7
    3.8896665736058D-02   0.68311048113380    4.6159678091089D-02  0.
    2.5000000000000    1.4407698628634   10.0000000000000    6.7500000000000D-02
    1.0000000000000    1.0000000000000D-01    5.0224175000000    4.0000000000000
   0.23183317503905    6.0000000000000    3.0000000000000    1.0000000000000
    1.0000000000000   -4.5970023031988D-02   -6.6600000000000D+35   0.90491606638312
    4.3223648761879
   -11.641272608353   -1.0399999618530  -0.35333446159529   0.35333445520268
  0.  0.  0.  0.
   -6.6600000000000D+35  0.  0.  0.  0.
  0
  8
    4.7632214378452D-02   0.65516392864853    4.5566518391842D-02  0.
    2.5000000000000    1.5005145480992   10.0000000000000    6.7500000000000D-02
    1.0000000000000    1.0000000000000D-01    5.5224175000000    4.0000000000000
   0.25163733858118    6.0000000000000    3.0000000000000   0.50000000000000
   0.50000000000000   -5.6076299539655D-02   -6.6600000000000D+35   0.97397164504520
    4.8267725474800
   -11.775641078291   -1.0399999618530  -0.38697608283812   0.38697607329914
  0.  0.  0.  0.
   -6.6600000000000D+35  0.  0.  0.  0.
  0
  9
    5.7450370469462D-02   0.62521477106009    4.6856954473117D-02  0.
    2.5000000000000    1.5591355229638   10.0000000000000    6.7500000000000D-02
    1.0000000000000    1.0000000000000D-01    5.7724175000000    4.0000000000000
   0.27047790399733    6.0000000000000    3.0000000000000   0.25000000000000
   0.20643250411979   -6.2322732715984D-02   -6.6600000000000D+35   0.98701374535570
    5.0854836453259
   -11.877502620260   -1.0399999618530  -0.40339269557237   0.40338999162586
  0.  0.  0.  0.
   -6.6600000000000D+35  0.  0.  0.  0.
  0
  10
    6.0262887142555D-02   0.61692012973674    4.7485504867472D-02  0.
    2.5000000000000    1.5743419497393   10.0000000000000    6.7500000000000D-02
    1.0000000000000    1.0000000000000D-01    5.7982215630150    4.0000000000000
   0.27533147825323    6.0000000000000    3.0000000000000    2.5804063014974D-02
    2.5804063014974D-02   -6.3242959830940D-02   -6.6600000000000D+35
   0.98317464895142
    5.1166956860101
   -11.899418084039   -1.0399999618530  -0.40496463322887   0.40496463248700
  0.  0.  0.  0.
   -6.6600000000000D+35  0.  0.  0.  0.
  0
  11
    6.1672008619728D-02   0.61280778216429    4.7837747584157D-02  0.
    2.5000000000000    1.5817046903952   10.0000000000000    6.7500000000000D-02
    1.0000000000000    1.0000000000000D-01    5.8046725787687    4.0000000000000
   0.27768246163182    6.0000000000000    2.0000000000000    6.4510157537435D-03
    6.4510157537435D-03   -6.3573115766695D-02   -6.6600000000000D+35
   0.98029585260307
    5.1274123391746
   -11.909330353333   -1.0399999618530  -0.40530979599545   0.40530982127215
  0.  0.  0.  0.
   -6.6600000000000D+35  0.  0.  0.  0.
  0
  12
    6.2934238915694D-02   0.60914771509241    4.8173907457575D-02  0.
    2.5000000000000    1.5881557061489   10.0000000000000    6.7500000000000D-02
    1.0000000000000    1.0000000000000D-01    5.8069638378549    4.0000000000000
   0.27974413853432    5.0000000000000    2.0000000000000    6.4510157537435D-03
    6.3475050432770D-03   -6.3797378312258D-02   -6.6600000000000D+35
   0.97722263956222
    5.1352843015859
   -11.917623328968   -1.0399999618530  -0.40538074562564   0.40538074552757
  0.  0.  0.  0.
   -6.6600000000000D+35  0.  0.  0.  0.
  401
  13
    6.3168221899144D-02   0.60847162281112    4.8238341285014D-02  0.
    2.5000000000000    1.5893366561033   10.0000000000000    6.7500000000000D-02
    1.0000000000000    1.0000000000000D-01    5.8070366132459    4.0000000000000
   0.28012181400472    5.0000000000000    2.0000000000000    6.3475050432770D-03
    6.6949360013167D-03   -6.3831687613853D-02   -6.6600000000000D+35
   0.97660382244048
    5.1366684762786
   -11.919100784181   -1.0399999618530  -0.40536984985534   0.40536984915380
  0.  0.  0.  0.
    7.0000000000000    5.8070366132459  0.  0.  0.
  0
  14
    6.4202891430398D-02   0.60549067828414    4.8531149135394D-02  0.
    2.5000000000000    1.5945032111922   10.0000000000000    6.7500000000000D-02
    1.0000000000000    1.0000000000000D-01    5.8060706612150    4.0000000000000
   0.28177528115007    5.0000000000000    2.0000000000000    6.3475050432770D-03
    6.6949360013167D-03   -6.3956686654202D-02   -6.6600000000000D+35
   0.97368964685119
    5.1428059564261
   -11.925412734545   -1.0399999618530  -0.40523366713078   0.40523366696111
  0.  0.  0.  0.
   -6.6600000000000D+35  0.  0.  0.  0.
  0
  15
    6.5571408066596D-02   0.60156918947478    4.8938072810742D-02  0.
    2.5000000000000    1.6011981471935   10.0000000000000    6.7500000000000D-02
    1.0000000000000    1.0000000000000D-01    5.8016450861456    4.0000000000000
   0.28392132964788    5.0000000000000    2.0000000000000    6.6949360013167D-03
    1.0709804613949D-02   -6.4056400595772D-02   -6.6600000000000D+35
   0.96940487479795
    5.1518516394794
   -11.933213774018   -1.0399999618530  -0.40483837689439   0.40483837772080
  0.  0.  0.  0.
   -6.6600000000000D+35  0.  0.  0.  0.
  0
  16
    6.7830736100958D-02   0.59514553858542    4.9658585738719D-02  0.
    2.5000000000000    1.6119079518075   10.0000000000000    6.7500000000000D-02
    1.0000000000000    1.0000000000000D-01    5.7868168273447    4.0000000000000
   0.28736513957491    5.0000000000000    2.0000000000000   -1.0709804613949D-02
   -2.6517955661210D-02   -6.4063182212776D-02   -6.6600000000000D+35
   0.96131672122183
    5.1713827471472
   -11.944754853571   -1.0399999618530  -0.40367140192656   0.40367140161482
  0.  0.  0.  0.
   -6.6600000000000D+35  0.  0.  0.  0.
  0
  17
    7.0311527596294D-02   0.58815959255643    5.0519790075817D-02  0.
    2.5000000000000    1.6231794922600   10.0000000000000    6.7500000000000D-02
    1.0000000000000    1.0000000000000D-01    5.7602988716835    4.0000000000000
   0.29100908977146    6.0000000000000    2.0000000000000   -2.6517955661210D-02
   -6.9351347468717D-02   -6.3854598300591D-02   -6.6600000000000D+35
   0.95106904624285
    5.2011476432145
   -11.955547379092   -1.0399999618530  -0.40168949546766   0.40168931840200
  0.  0.  0.  0.
   -6.6600000000000D+35  0.  0.  0.  0.
  0
  18
    7.4598734107491D-02   0.57623370711661    5.2185069082107D-02  0.
    2.5000000000000    1.6414652079736   10.0000000000000    6.7500000000000D-02
    1.0000000000000    1.0000000000000D-01    5.6909475242148    4.0000000000000
   0.29698248969379    6.0000000000000    3.0000000000000   -6.9351347468717D-02
  -0.20805404240615   -6.2997018888705D-02   -6.6600000000000D+35   0.93022227000385
    5.2739992515169
   -11.969648083175   -1.0399999618530  -0.39665197347670   0.39665196616223
  0.  0.  0.  0.
   -6.6600000000000D+35  0.  0.  0.  0.
  0
  19
    8.2814786684085D-02   0.55377688817855    5.6056501029534D-02  0.
    2.5000000000000    1.6723077263334   10.0000000000000    6.7500000000000D-02
    1.0000000000000    1.0000000000000D-01    5.4828934818086    4.0000000000000
   0.30735182410783    6.0000000000000    3.0000000000000  -0.20805404240615
  -0.62416212721845   -5.9789469400807D-02   -6.6600000000000D+35   0.87989114402177
    5.4857173322809
   -11.980596846306   -1.0399999618530  -0.38182748764165   0.38182748494670
  0.  0.  0.  0.
   -6.6600000000000D+35  0.  0.  0.  0.
  0
  20
    9.8223103646215D-02   0.51206753833701    6.6517703992596D-02  0.
    2.5000000000000    1.7146959519163   10.0000000000000    6.7500000000000D-02
    1.0000000000000    1.0000000000000D-01    4.8587313545902    4.0000000000000
   0.32319165402417    6.0000000000000    3.0000000000000  -0.62416212721845
   -1.0000000000000   -4.9327024419582D-02   -6.6600000000000D+35   0.74902788195262
    6.1129825438024
   -11.937875315185   -1.0399999618530  -0.33773177603145   0.33773172987634
  0.  0.  0.  0.
   -6.6600000000000D+35  0.  0.  0.  0.
  401
  21
   0.11319721851449   0.46892788446658    8.4276173216256D-02  0.
    2.5000000000000    1.7317395699733   10.0000000000000    6.7500000000000D-02
    1.0000000000000    1.0000000000000D-01    3.9583990476958    4.0000000000000
   0.33359872380267    6.0000000000000    3.0000000000000   -1.0000000000000
   -1.0000000000000   -3.4913479408102D-02   -6.6600000000000D+35   0.56922874316199
    7.0148081172010
   -11.776458311287   -1.0399999618530  -0.27375071666912   0.27375071756297
  0.  0.  0.  0.
    2.0000000000000    1.7317395699733  0.  0.  0.
  0
  22
   0.11455273129013   0.46462466491435    8.6611622064257D-02  0.
    2.5000000000000    1.7315490605919   10.0000000000000    6.7500000000000D-02
    1.0000000000000    1.0000000000000D-01    3.8587313545902    4.0000000000000
   0.33421098173126    6.0000000000000    3.0000000000000   -1.0000000000000
   -1.0000000000000   -3.3416563837226D-02   -6.6600000000000D+35   0.54963959200987
    7.1146053855881
   -11.751607797051   -1.0399999618530  -0.26660254666378   0.26660254503075
  0.  0.  0.  0.
   -6.6600000000000D+35  0.  0.  0.  0.
  0
  23
   0.12518263935606   0.42282566673968   0.11713479181872  0.
    2.5000000000000    1.7069587028931   10.0000000000000    6.7500000000000D-02
    1.0000000000000    1.0000000000000D-01    2.8587313545902    4.0000000000000
   0.33485690208555    6.0000000000000    2.0000000000000   -1.0000000000000
   -1.0000000000000   -1.9713925568920D-02   -6.6600000000000D+35   0.35846451411228
    8.1163021963934
   -11.396805291931   -1.0399999618530  -0.19353204761830   0.19353197458732
  0.  0.  0.  0.
   -6.6600000000000D+35  0.  0.  0.  0.
  0
  24
   0.12848388003992   0.37685560160763   0.17303497845579  0.
    2.5000000000000    1.6226456710475   10.0000000000000    6.7500000000000D-02
    1.0000000000000    1.0000000000000D-01    1.8587313545902    4.0000000000000
   0.32162553989666    6.0000000000000    2.0000000000000   -1.0000000000000
   -1.0000000000000   -8.5076765970438D-03   -6.6600000000000D+35   0.17901915967063
    9.1224620560993
   -10.699195965636   -1.0399999618530  -0.11502518830689   0.11502572014348
  0.  0.  0.  0.
   -6.6600000000000D+35  0.  0.  0.  0.
  331
  25
   0.11590983657736   0.31547078935755   0.28842948958328  0.
    2.5000000000000    1.4176413115919   10.0000000000000    6.7500000000000D-02
    1.0000000000000    1.0000000000000D-01   0.97143286175981    4.0000000000000
   0.28018988448181    6.0000000000000    3.0000000000000   -1.0000000000000
  -0.88432713862922   -3.5463766625066D-07   -6.6600000000000D+35    9.7512208555192D-06
   10.0425530829641
   -9.2300571412455   -1.0399999618530   -5.9614399914956D-04    5.9614216055402D-04
  0.  0.  0.  0.
  -0.35388771859719  0.  0.  0.  0.
  311
  26
   0.11590903604932   0.31546842517106   0.28843466611722  0.
    2.5000000000000    1.4176318532277   10.0000000000000    6.7500000000000D-02
    1.0000000000000    1.0000000000000D-01   0.97140845250738    4.0000000000000
   0.28018787266241    6.0000000000000    3.0000000000000   -1.0000000000000
  -0.88432713862922   -1.0847221827352D-07   -6.6600000000000D+35    2.9826191224497D-06
   10.0425798840645
   -9.2299910640027   -1.0399999618530   -3.2969944361654D-04    3.2969119923874D-04
  0.  0.  0.  0.
  -0.35388771859719  0.  0.  0.  0.
  0
  27
   0.11173313589454   0.30386257116705   0.31441030544581  0.
    2.5000000000000    1.3700358280838   10.0000000000000    6.7500000000000D-02
    1.0000000000000    1.0000000000000D-01   0.85873135459016    4.0000000000000
   0.26999398749259    6.0000000000000    3.0000000000000   -1.0000000000000
  -0.88432713862922    1.1756577167990D-03    240.98247575471   -3.4310325329730D-02
   10.1682316959589
   -8.8983293490394   -1.0399999618530   -8.3100763249855D-11   -8.3100763249855D-11
  0.  0.   -3.2537102932925D-02    3.2537102932925D-02
    240.98247575471  0.  0.  0.  0.
  0
  28
    7.9947892651636D-02   0.23662018362750   0.48245620917316  0.
    2.5000000000000    1.0590079335736   10.0000000000000    6.7500000000000D-02
    1.0000000000000    1.0000000000000D-01   0.41656778527555    4.0000000000000
   0.20097571454770    6.0000000000000    3.0000000000000  -0.44216356931461
  -0.44216356931461    8.5022500880082D-03    7.0725916622824  -0.36595598734132
    10.739211765070
   -6.7498553797105   -1.0399999618530   -1.6405587826380D-08   -1.6405587826380D-08
  0.  0.   -5.8903231490055D-02    5.8903231490055D-02
    7.0725916622824  0.  0.  0.  0.
  321
  29
    6.4307142419724D-02   0.21108919579320   0.55488846098575  0.
    2.5000000000000   0.92422098091293   10.0000000000000    6.7500000000000D-02
    1.0000000000000    1.0000000000000D-01   0.30585462256409    4.0000000000000
   0.16971520080132    5.0000000000000    3.0000000000000  -0.22108178465730
  -0.22108178465730    1.2969407703872D-02   -1.4338189377252D-03  -0.65807865711010
    10.930438914072
   -5.8207098109004   -1.0399999618530    1.2620132092134D-09    1.2620132092134D-09
  0.  0.   -5.9264500826429D-02    5.9264500826429D-02
   -3.2104512260764  0.  0.  0.  0.
  0
  30
    5.3361494997275D-02   0.19676921717260   0.60107822958165  0.
    2.5000000000000   0.83792614891629   10.0000000000000    6.7500000000000D-02
    1.0000000000000    1.0000000000000D-01   0.24754025508683    4.0000000000000
   0.14879105824848    5.0000000000000    3.0000000000000  -0.22108178465730
  -0.22108178465730    1.6849893262642D-02   -3.2104512260764  -0.94614392448835
    11.045789367871
   -5.2247984821738   -1.0399999618530   -1.5993192603592D-09   -1.5993192603592D-09
  0.  0.   -5.8463180582731D-02    5.8463180582731D-02
   -3.2104512260764  0.  0.  0.  0.
  0
  31
    3.5056029196549D-02   0.18949159025260   0.65807451095476  0.
    2.5000000000000   0.72738525658764   10.0000000000000    6.7500000000000D-02
    1.0000000000000    1.0000000000000D-01   0.17836572658588    4.0000000000000
   0.11737786959609    5.0000000000000    3.0000000000000  -0.11054089232865
   -9.3387056880066D-02    2.3301353061058D-02   -6.3115796964828   -1.5025843495862
    11.189459247429
   -4.4663979570789   -1.0399999618530   -2.8418229260779D-06   -2.8418229260779D-06
  0.  0.   -5.6856858218156D-02    5.6856858218156D-02
   -6.3115796964828  0.  0.  0.  0.
  0
  32
    3.3203118229400D-02   0.19164758397996   0.66039924768187  0.
    2.5000000000000   0.72154856553263   10.0000000000000    6.7500000000000D-02
    1.0000000000000    1.0000000000000D-01   0.17375860222604    4.0000000000000
   0.11475005010877    5.0000000000000    2.0000000000000   -5.8366910550041D-03
   -5.8366910550041D-03    2.3544433169260D-02   -6.3828396304120   -1.5378147313624
    11.197752530627
   -4.4295969747961   -1.0399999618530    8.6279256517052D-09    8.6279256517052D-09
  0.  0.   -5.6786659816987D-02    5.6786659816987D-02
   -6.3828396304120  0.  0.  0.  0.
  0
  33
    3.1919821541547D-02   0.19379320520316   0.66124167503824  0.
    2.5000000000000   0.71863022000513   10.0000000000000    6.7500000000000D-02
    1.0000000000000    1.0000000000000D-01   0.17095912517667    4.0000000000000
   0.11304529821705    5.0000000000000    2.0000000000000   -2.9183455275021D-03
   -2.9183455275021D-03    2.3587347746280D-02   -6.3885618028891   -1.5544540095699
    11.202580991773
   -4.4129321615759   -1.0399999618530   -1.3086111888549D-08   -1.3086111888549D-08
  0.  0.   -5.6762490370431D-02    5.6762490370431D-02
   -6.3885618028891  0.  0.  0.  0.
  0
  34
    3.0335200358815D-02   0.19739230109136   0.66116912354874  0.
    2.5000000000000   0.71661712333954   10.0000000000000    6.7500000000000D-02
    1.0000000000000    1.0000000000000D-01   0.16804077964917    4.0000000000000
   0.11110337500109    6.0000000000000    2.0000000000000    2.9183455275021D-03
    3.4065863359615D-03    2.3454252622612D-02   -6.3377124145187   -1.5631092112301
    11.207876185634
   -4.4051091337136   -1.0399999618530    5.9452757994460D-10    5.9452757994460D-10
  0.  0.   -5.6765200691562D-02    5.6765200691562D-02
   -6.3377124145187  0.  0.  0.  0.
  402
  35
    2.9647860880208D-02   0.19934948093406   0.66067510206908  0.
    2.5000000000000   0.71639223901674   10.0000000000000    6.7500000000000D-02
    1.0000000000000    1.0000000000000D-01   0.16699215043009    4.0000000000000
   0.11032755611665    2.0000000000000    2.0000000000000    3.4065863359615D-03
    3.6784609903156D-03    2.3319553279878D-02   -6.2930300557973   -1.5618140992245
    11.210263075225
   -4.4070043190440   -1.0399999618530   -1.7038532945657D-09   -1.7038532945657D-09
  0.  0.   -5.6779110123759D-02    5.6779110123759D-02
    2.0000000000000   0.71639223901674  0.  0.  0.
  0
  36
    2.9192935329170D-02   0.20079888742732   0.66016870864168  0.
    2.5000000000000   0.71649088533429   10.0000000000000    6.7500000000000D-02
    1.0000000000000    1.0000000000000D-01   0.16638090711022    4.0000000000000
   0.10983946860183    2.0000000000000    2.0000000000000    3.4065863359615D-03
    3.6784609903156D-03    2.3200996762508D-02   -6.2551053899379   -1.5589872479956
    11.211979909589
   -4.4103059443354   -1.0399999618530    5.7771108730176D-10    5.7771108730176D-10
  0.  0.   -5.6792969076477D-02    5.6792969076477D-02
   -6.2551053899379  0.  0.  0.  0.
  0
  37
    2.8192816346382D-02   0.20447734841764   0.65848352790290  0.
    2.5000000000000   0.71748560026230   10.0000000000000    6.7500000000000D-02
    1.0000000000000    1.0000000000000D-01   0.16529845124232    4.0000000000000
   0.10884630733309    2.0000000000000    2.0000000000000    3.6784609903156D-03
    5.9874800834518D-03    2.2848709029304D-02   -6.1462060918283   -1.5465196111396
    11.216399447557
   -4.4240789268989   -1.0399999618530    7.0101195681627D-10    7.0101195681627D-10
  0.  0.   -5.6837417061594D-02    5.6837417061594D-02
   -6.1462060918283  0.  0.  0.  0.
  0
  38
    2.6893798649218D-02   0.21046482850109   0.65489301783513  0.
    2.5000000000000   0.72064645497979   10.0000000000000    6.7500000000000D-02
    1.0000000000000    1.0000000000000D-01   0.16452817798215    4.0000000000000
   0.10774835501456    2.0000000000000    2.0000000000000    5.9874800834518D-03
    1.2811147080365D-02    2.2175973461466D-02   -5.9456508075107   -1.5152624246771
    11.224210558279
   -4.4578968155214   -1.0399999618530    1.8130733026034D-10    1.8130733026034D-10
  0.  0.   -5.6926311998266D-02    5.6926311998266D-02
   -5.9456508075107  0.  0.  0.  0.
  402
  39
    2.6423396149438D-02   0.21303944923270   0.65312332927503  0.
    2.5000000000000   0.72240423722660   10.0000000000000    6.7500000000000D-02
    1.0000000000000    1.0000000000000D-01   0.16446178005048    4.0000000000000
   0.10741382534284    2.0000000000000    2.0000000000000    1.2811147080365D-02
    3.8433441241095D-02    2.1864194434533D-02   -5.8543038850863   -1.4990403714167
    11.227826627296
   -4.4754653925080   -1.0399999618530    6.8669148145517D-10    6.8669148145517D-10
  0.  0.   -5.6967837827209D-02    5.6967837827209D-02
    7.0000000000000   0.16446178005048  0.  0.  0.
  0
  40
    2.4899003136776D-02   0.22327597558145   0.64521037540610  0.
    2.5000000000000   0.73086666061599   10.0000000000000    6.7500000000000D-02
    1.0000000000000    1.0000000000000D-01   0.16524012855432    4.0000000000000
   0.10661464587567    2.0000000000000    2.0000000000000    1.2811147080365D-02
    3.8433441241095D-02    2.0566158854336D-02   -5.4771543202024   -1.4250095863351
    11.243381161063
   -4.5570123274803   -1.0399999618530    3.2333709182319D-09    3.2333709182319D-09
  0.  0.   -5.7138629598923D-02    5.7138629598923D-02
   -5.4771543202024  0.  0.  0.  0.
  0
  41
    2.1578729295697D-02   0.26170941682255   0.60956256551977  0.
    2.5000000000000   0.77130244846524   10.0000000000000    6.7500000000000D-02
    1.0000000000000    1.0000000000000D-01   0.17578062403946    4.0000000000000
   0.10714928836198    2.0000000000000    3.0000000000000    3.8433441241095D-02
   0.11530032372329    1.5884248874942D-02   -4.0390352175424   -1.1151310662594
    11.310501016231
   -4.9413565940678   -1.0399999618530   -1.0266195324404D-09   -1.0266195324404D-09
  0.  0.   -5.7684099827264D-02    5.7684099827264D-02
   -4.0390352175424  0.  0.  0.  0.
  0
  42
    1.8105010151986D-02   0.36393110850258   0.50259893661083  0.
    2.5000000000000   0.88660277218853   10.0000000000000    6.7500000000000D-02
    1.0000000000000    1.0000000000000D-01   0.22953678725275    4.0000000000000
   0.11536494473460    5.0000000000000    3.0000000000000   0.11530032372329
   0.34590097116986    7.8836391106560D-03  -0.17939256323562  -0.51724696626906
    11.505658513187
   -6.1160268673960   -1.0399999618530   -4.4649349911774D-09   -4.4649349911774D-09
  0.  0.   -5.7706742442239D-02    5.7706742442239D-02
  -0.17939256323562  0.  0.  0.  0.
  321
  43
    1.8025159810494D-02   0.36809457423571   0.49812237383172  0.
    2.5000000000000   0.89116250039679   10.0000000000000    6.7500000000000D-02
    1.0000000000000    1.0000000000000D-01   0.23238845993032    4.0000000000000
   0.11575789212208    5.0000000000000    3.0000000000000   0.17295048558493
   0.17295048558493    7.6668542176678D-03   -6.0175881955651D-03  -0.50070824794828
    11.513801215177
   -6.1652253105374   -1.0399999618530   -3.1164757510749D-09   -3.1164757510749D-09
  0.  0.   -5.7657197170511D-02    5.7657197170511D-02
    13.101521560327  0.  0.  0.  0.
  0
  44
    1.6320638323590D-02   0.53220063858996   0.31927337676338  0.
    2.5000000000000    1.0595532577735   10.0000000000000    6.7500000000000D-02
    1.0000000000000    1.0000000000000D-01   0.41408196315098    4.0000000000000
   0.13220534632307    5.0000000000000    3.0000000000000   0.17295048558493
   0.17295048558493    2.3368096121230D-03    13.101521560327  -0.12045283154651
    11.860627750762
   -8.1275522705402   -1.0399999618530    2.5401419856408D-10    2.5401419856408D-10
  0.  0.   -4.9875040985323D-02    4.9875040985323D-02
    13.101521560327  0.  0.  0.  0.
  0
  45
    1.6208083618070D-02   0.60437322791867   0.23907431052558  0.
    2.5000000000000    1.1286140796276   10.0000000000000    6.7500000000000D-02
    1.0000000000000    1.0000000000000D-01   0.58703244873591    4.0000000000000
   0.14034437793768    6.0000000000000    3.0000000000000   0.17295048558493
   0.25942572837739    8.2210712687353D-04    59.788397067333   -3.7340706219080D-02
    12.075853337354
   -9.0098276933052   -1.0399999618530    5.1024361819030D-11    5.1024361819030D-11
  0.  0.   -3.4898017719427D-02    3.4898017719427D-02
    59.788397067333  0.  0.  0.  0.
  311
  46
    1.6337078138845D-02   0.63841096858262   0.20045450922015  0.
    2.5000000000000    1.1612000248874   10.0000000000000    6.7500000000000D-02
    1.0000000000000    1.0000000000000D-01   0.72234565648687    4.0000000000000
   0.14479744405838    6.0000000000000    2.0000000000000   0.15412239465775
   0.15412239465775   -3.1161555603658D-08   -6.6600000000000D+35    1.3256211560836D-06
    12.224250040492
   -9.4382612697869   -1.0399999618530   -2.3120804017104D-04    2.3120570645202D-04
  0.  0.  0.  0.
   0.38407567806481  0.  0.  0.  0.
  331
  47
    1.6337084213026D-02   0.63841190921422   0.20045342933057  0.
    2.5000000000000    1.1612009355375   10.0000000000000    6.7500000000000D-02
    1.0000000000000    1.0000000000000D-01   0.72235021234482    4.0000000000000
   0.14479757724219    6.0000000000000    2.0000000000000   0.15412239465775
   0.15412239465775   -5.6866283535613D-08   -6.6600000000000D+35    2.4191028500407D-06
    12.224254902190
   -9.4382733109738   -1.0399999618530   -3.1233502420856D-04    3.1233326802042D-04
  0.  0.  0.  0.
   0.38407567806481  0.  0.  0.  0.
  0
  48
    1.6337173870559D-02   0.63842580112126   0.20043748104520  0.
    2.5000000000000    1.1612143842849   10.0000000000000    6.7500000000000D-02
    1.0000000000000    1.0000000000000D-01   0.72241750000000    4.0000000000000
   0.14479954396297    6.0000000000000    2.0000000000000   0.15412239465775
   0.15412239465775   -4.3649149364860D-07   -6.6600000000000D+35    1.8567913753979D-05
    12.224326706356
   -9.4384511484353   -1.0399999618530   -8.6534985104288D-04    8.6535393612397D-04
  0.  0.  0.  0.
   -6.6600000000000D+35  0.  0.  0.  0.
  -1
  48
    1.6337173870559D-02   0.63842580112126   0.20043748104520  0.
    2.5000000000000    1.1612143842849   10.0000000000000    6.7500000000000D-02
    1.0000000000000    1.0000000000000D-01   0.72241750000000    4.0000000000000
   0.14479954396297    6.0000000000000    2.0000000000000   0.15412239465775
   0.15412239465775   -4.3649149364860D-07   -6.6600000000000D+35    1.8567913753979D-05
    12.224326706356
   -9.4384511484353   -1.0399999618530   -8.6534985104288D-04    8.6535393612397D-04
  0.  0.  0.  0.
   -6.6600000000000D+35  0.  0.  0.  0.
