707 168
680 183
622 213
574 231
496 241
342 179
270 121
284 107
294 141
254 169
218 251
264 323
344 409
452 465
640 347
708 211
656 213
580 437
564 587
530 589
458 535
348 581
380 679
450 699
540 669
574 617
560 597
528 641
528 691
544 771
518 791
470 781
424 757
376 729
368 735
426 789
482 847
500 899
464 919
426 883
404 867
342 859
296 925
302 1009
356 1057
392 1057
462 1037
516 1005
580 927
614 845
640 765
668 677
690 613
714 541
744 461
764 405
794 335
836 255
860 203
862 145
818 77
710 37
586 25
486 21
286 51
174 149
122 291
114 451
124 581
148 773
172 869
198 951
